 2                   number of processus in x-direction (0 if automatic) 
 2                   number of processus in y-direction (0 if automatic) 
 2                   number of processus in z-direction (0 if automatic) 
 
 periodic             -x boundary |choose: inner; extrapolation; noreflection; periodic;
 periodic             +x boundary |        symmetryplane; adiabaticwall; shock; postshock_slipwall;
 movingwall           -y boundary |        inflowcheng; inflowmiller; inflowmixchengmiller;
 movingwall           +y boundary |        inflowbogey; inflowjet; supersonicflow; wallinjection;
 periodic             -z boundary |        premixfix; nscbc_out; syntheticturb
 periodic             +z boundary |
 
 
                            x-direction
   0.0000000000000000     
   6.6138792707153546E-002
  0.13227758541430709     
  0.19841637812146062     
  0.26455517082861418     
  0.33069396353576774     
  0.39683275624292125     
  0.46297154895007481     
  0.52911034165722837     
  0.59524913436438187     
  0.66138792707153549     
  0.72752671977868899     
  0.79366551248584249     
  0.85980430519299611     
  0.92594309790014961     
  0.99208189060730323     
   1.0582206833144567     
   1.1243594760216102     
   1.1904982687287637     
   1.2566370614359175     
   1.3227758541430710     
   1.3889146468502245     
   1.4550534395573780     
   1.5211922322645315     
   1.5873310249716850     
   1.6534698176788387     
   1.7196086103859922     
   1.7857474030931457     
   1.8518861958002992     
   1.9180249885074527     
   1.9841637812146065     
   2.0503025739217597     
   2.1164413666289135     
   2.1825801593360672     
   2.2487189520432205     
   2.3148577447503742     
   2.3809965374575275     
   2.4471353301646812     
   2.5132741228718349     
   2.5794129155789882     
   2.6455517082861419     
   2.7116905009932952     
   2.7778292937004490     
   2.8439680864076027     
   2.9101068791147560     
   2.9762456718219097     
   3.0423844645290630     
   3.1085232572362167     
   3.1746620499433700     
   3.2408008426505237     
   3.3069396353576774     
   3.3730784280648307     
   3.4392172207719844     
   3.5053560134791377     
   3.5714948061862914     
   3.6376335988934452     
   3.7037723916005985     
   3.7699111843077522     
   3.8360499770149055     
   3.9021887697220592     
   3.9683275624292129     
   4.0344663551363666     
   4.1006051478435195     
   4.1667439405506732     
   4.2328827332578269     
   4.2990215259649807     
   4.3651603186721344     
   4.4312991113792872     
   4.4974379040864410     
   4.5635766967935947     
   4.6297154895007484     
   4.6958542822079021     
   4.7619930749150550     
   4.8281318676222087     
   4.8942706603293624     
   4.9604094530365161     
   5.0265482457436699     
   5.0926870384508227     
   5.1588258311579764     
   5.2249646238651302     
   5.2911034165722839     
   5.3572422092794376     
   5.4233810019865905     
   5.4895197946937442     
   5.5556585874008979     
   5.6217973801080516     
   5.6879361728152054     
   5.7540749655223582     
   5.8202137582295119     
   5.8863525509366657     
   5.9524913436438194     
   6.0186301363509731     
   6.0847689290581259     
   6.1509077217652797     
   6.2170465144724334     
   6.2831853071795871     
 
 
                            y-direction
  -1.0000000000000000     
 -0.99384542807991194     
 -0.98734955694287130     
 -0.98049587929920745     
 -0.97326737857535206     
 -0.96564654946452622     
 -0.95761542416884571     
 -0.94915560490209250     
 -0.94024830323746900     
 -0.93087438689299440     
 -0.92101443454724752     
 -0.91064879926819098     
 -0.89975768111598231     
 -0.88832120944506054     
 -0.87631953537935170     
 -0.86373293486518143     
 -0.85054192261741512     
 -0.83672737716364887     
 -0.82227067705734447     
 -0.80715384817235836     
 -0.79135972180758662     
 -0.77487210312123700     
 -0.75767594918011161     
 -0.73975755565174361     
 -0.72110475088877379     
 -0.70170709585933433     
 -0.68155608806942303     
 -0.66064536730969448     
 -0.63897092074755946     
 -0.61653128458509443     
 -0.59332773922441429     
 -0.56936449463626770     
 -0.54464886242684774     
 -0.51919141095467436     
 -0.49300609977629439     
 -0.46611038970809249     
 -0.43852532489203988     
 -0.41027558345398996     
 -0.38138949364969454     
 -0.35189901280828417     
 -0.32183966690376775     
 -0.29125044920612098     
 -0.26017367717409789     
 -0.22865480753681666     
 -0.19674221035088024     
 -0.16448690369095353     
 -0.13194225150794248     
  -9.9163628041839535E-002
  -6.6208052976762577E-002
  -3.3133802245159161E-002
   0.0000000000000000     
   3.3133802245159050E-002
   6.6208052976762577E-002
   9.9163628041839535E-002
  0.13194225150794248     
  0.16448690369095353     
  0.19674221035088024     
  0.22865480753681666     
  0.26017367717409789     
  0.29125044920612098     
  0.32183966690376775     
  0.35189901280828417     
  0.38138949364969443     
  0.41027558345398996     
  0.43852532489203977     
  0.46611038970809249     
  0.49300609977629439     
  0.51919141095467447     
  0.54464886242684774     
  0.56936449463626770     
  0.59332773922441429     
  0.61653128458509432     
  0.63897092074755957     
  0.66064536730969436     
  0.68155608806942292     
  0.70170709585933433     
  0.72110475088877379     
  0.73975755565174373     
  0.75767594918011172     
  0.77487210312123711     
  0.79135972180758651     
  0.80715384817235836     
  0.82227067705734447     
  0.83672737716364898     
  0.85054192261741512     
  0.86373293486518143     
  0.87631953537935159     
  0.88832120944506054     
  0.89975768111598242     
  0.91064879926819087     
  0.92101443454724752     
  0.93087438689299429     
  0.94024830323746889     
  0.94915560490209261     
  0.95761542416884571     
  0.96564654946452633     
  0.97326737857535206     
  0.98049587929920756     
  0.98734955694287141     
  0.99384542807991183     
   1.0000000000000000     
 
 
                            z-direction
  -2.0943951023931953     
  -2.0279063689838877     
  -1.9614176355745796     
  -1.8949289021652720     
  -1.8284401687559642     
  -1.7619514353466563     
  -1.6954627019373485     
  -1.6289739685280407     
  -1.5624852351187331     
  -1.4959965017094250     
  -1.4295077683001174     
  -1.3630190348908096     
  -1.2965303014815017     
  -1.2300415680721941     
  -1.1635528346628861     
  -1.0970641012535784     
  -1.0305753678442706     
 -0.96408663443496279     
 -0.89759790102565495     
 -0.83110916761634734     
 -0.76462043420703951     
 -0.69813170079773168     
 -0.63164296738842385     
 -0.56515423397911602     
 -0.49866550056980818     
 -0.43217676716050057     
 -0.36568803375119274     
 -0.29919930034188491     
 -0.23271056693257708     
 -0.16622183352326925     
  -9.9733100113961637E-002
  -3.3244366704653583E-002
   3.3244366704654027E-002
   9.9733100113961637E-002
  0.16622183352326969     
  0.23271056693257730     
  0.29919930034188535     
  0.36568803375119296     
  0.43217676716050057     
  0.49866550056980863     
  0.56515423397911624     
  0.63164296738842429     
  0.69813170079773190     
  0.76462043420703951     
  0.83110916761634757     
  0.89759790102565518     
  0.96408663443496323     
   1.0305753678442708     
   1.0970641012535789     
   1.1635528346628865     
   1.2300415680721941     
   1.2965303014815022     
   1.3630190348908098     
   1.4295077683001178     
   1.4959965017094254     
   1.5624852351187331     
   1.6289739685280411     
   1.6954627019373487     
   1.7619514353466568     
   1.8284401687559644     
   1.8949289021652720     
   1.9614176355745800     
   2.0279063689838881     
   2.0943951023931953     
 
 
 END
