4                    number of processus in x-direction (0 if automatic) 
4                    number of processus in y-direction (0 if automatic)
1                    number of processus in z-direction (0 if automatic)

inflowbogey          -x boundary |choose: inner; extrapolation; noreflection; periodic;
extrapolation        +x boundary |        symmetryplane; adiabaticwall; shock; postshock_slipwall;
extrapolation        -y boundary |        inflowcheng; inflowmiller; inflowmixchengmiller;
extrapolation        +y boundary |        inflowbogey; inflowjet; supersonicflow; wallinjection;
extrapolation        -z boundary |        premixfix; nscbc_out; syntheticturb
extrapolation        +z boundary |


                           x-direction
0.0000000000E+00
1.0000000000E-03
2.0000000000E-03
3.0000000000E-03
4.0000000000E-03
5.0000000000E-03
6.0000000000E-03
7.0000000000E-03
8.0000000000E-03
9.0000000000E-03
1.0000000000E-02
1.1000000000E-02
1.2000000000E-02
1.3000000000E-02
1.4000000000E-02
1.5000000000E-02
1.6000000000E-02
1.7000000000E-02
1.8000000000E-02
1.9000000000E-02
2.0000000000E-02
2.1000000000E-02
2.2000000000E-02
2.3000000000E-02
2.4000000000E-02
2.5000000000E-02
2.6000000000E-02
2.7000000000E-02
2.8000000000E-02
2.9000000000E-02
3.0000000000E-02
3.1000000000E-02
3.2000000000E-02
3.3000000000E-02
3.4000000000E-02
3.5000000000E-02
3.6000000000E-02
3.7000000000E-02
3.8000000000E-02
3.9000000000E-02
4.0000000000E-02
4.1000000000E-02
4.2000000000E-02
4.3000000000E-02
4.4000000000E-02
4.5000000000E-02
4.6000000000E-02
4.7000000000E-02
4.8000000000E-02
4.9000000000E-02
5.0000000000E-02
5.1000000000E-02
5.2000000000E-02
5.3000000000E-02
5.4000000000E-02
5.5000000000E-02
5.6000000000E-02
5.7000000000E-02
5.8000000000E-02
5.9000000000E-02
6.0000000000E-02
6.1000000000E-02
6.2000000000E-02
6.3000000000E-02
6.4000000000E-02
6.5000000000E-02
6.6000000000E-02
6.7000000000E-02
6.8000000000E-02
6.9000000000E-02
7.0000000000E-02
7.1000000000E-02
7.2000000000E-02
7.3000000000E-02
7.4000000000E-02
7.5000000000E-02
7.6000000000E-02
7.7000000000E-02
7.8000000000E-02
7.9000000000E-02
8.0000000000E-02
8.1000000000E-02
8.2000000000E-02
8.3000000000E-02
8.4000000000E-02
8.5000000000E-02
8.6000000000E-02
8.7000000000E-02
8.8000000000E-02
8.9000000000E-02
9.0000000000E-02
9.1000000000E-02
9.2000000000E-02
9.3000000000E-02
9.4000000000E-02
9.5000000000E-02
9.6000000000E-02
9.7000000000E-02
9.8000000000E-02
9.9000000000E-02
1.0000000000E-01
1.0100000000E-01
1.0200000000E-01
1.0300000000E-01
1.0400000000E-01
1.0500000000E-01
1.0600000000E-01
1.0700000000E-01
1.0800000000E-01
1.0900000000E-01
1.1000000000E-01
1.1100000000E-01
1.1200000000E-01
1.1300000000E-01
1.1400000000E-01
1.1500000000E-01
1.1600000000E-01
1.1700000000E-01
1.1800000000E-01
1.1900000000E-01
1.2000000000E-01
1.2100000000E-01
1.2200000000E-01
1.2300000000E-01
1.2400000000E-01
1.2500000000E-01
1.2600000000E-01
1.2700000000E-01
1.2800000000E-01
1.2900000000E-01
1.3000000000E-01
1.3100000000E-01
1.3200000000E-01
1.3300000000E-01
1.3400000000E-01
1.3500000000E-01
1.3600000000E-01
1.3700000000E-01
1.3800000000E-01
1.3900000000E-01
1.4000000000E-01
1.4100000000E-01
1.4200000000E-01
1.4300000000E-01
1.4400000000E-01
1.4500000000E-01
1.4600000000E-01
1.4700000000E-01
1.4800000000E-01
1.4900000000E-01
1.5000000000E-01
1.5100000000E-01
1.5200000000E-01
1.5300000000E-01
1.5400000000E-01
1.5500000000E-01
1.5600000000E-01
1.5700000000E-01
1.5800000000E-01
1.5900000000E-01
1.6000000000E-01
1.6100000000E-01
1.6200000000E-01
1.6300000000E-01
1.6400000000E-01
1.6500000000E-01
1.6600000000E-01
1.6700000000E-01
1.6800000000E-01
1.6900000000E-01
1.7000000000E-01
1.7100000000E-01
1.7200000000E-01
1.7300000000E-01
1.7400000000E-01
1.7500000000E-01
1.7600000000E-01
1.7700000000E-01
1.7800000000E-01
1.7900000000E-01
1.8000000000E-01
1.8100000000E-01
1.8200000000E-01
1.8300000000E-01
1.8400000000E-01
1.8500000000E-01
1.8600000000E-01
1.8700000000E-01
1.8800000000E-01
1.8900000000E-01
1.9000000000E-01
1.9100000000E-01
1.9200000000E-01
1.9300000000E-01
1.9400000000E-01
1.9500000000E-01
1.9600000000E-01
1.9700000000E-01
1.9800000000E-01
1.9900000000E-01
2.0000000000E-01
2.0100000000E-01
2.0200000000E-01
2.0300000000E-01
2.0400000000E-01
2.0500000000E-01
2.0600000000E-01
2.0700000000E-01
2.0800000000E-01
2.0900000000E-01
2.1000000000E-01
2.1100000000E-01
2.1200000000E-01
2.1300000000E-01
2.1400000000E-01
2.1500000000E-01
2.1600000000E-01
2.1700000000E-01
2.1800000000E-01
2.1900000000E-01
2.2000000000E-01
2.2100000000E-01
2.2200000000E-01
2.2300000000E-01
2.2400000000E-01
2.2500000000E-01
2.2600000000E-01
2.2700000000E-01
2.2800000000E-01
2.2900000000E-01
2.3000000000E-01
2.3100000000E-01
2.3200000000E-01
2.3300000000E-01
2.3400000000E-01
2.3500000000E-01
2.3600000000E-01
2.3700000000E-01
2.3800000000E-01
2.3900000000E-01
2.4000000000E-01
2.4100000000E-01
2.4200000000E-01
2.4300000000E-01
2.4400000000E-01
2.4500000000E-01
2.4600000000E-01
2.4700000000E-01
2.4800000000E-01
2.4900000000E-01
2.5000000000E-01
2.5100000000E-01
2.5200000000E-01
2.5300000000E-01
2.5400000000E-01
2.5500000000E-01
2.5600000000E-01
2.5700000000E-01
2.5800000000E-01
2.5900000000E-01
2.6000000000E-01
2.6100000000E-01
2.6200000000E-01
2.6300000000E-01
2.6400000000E-01
2.6500000000E-01
2.6600000000E-01
2.6700000000E-01
2.6800000000E-01
2.6900000000E-01
2.7000000000E-01
2.7100000000E-01
2.7200000000E-01
2.7300000000E-01
2.7400000000E-01
2.7500000000E-01
2.7600000000E-01
2.7700000000E-01
2.7800000000E-01
2.7900000000E-01
2.8000000000E-01
2.8100000000E-01
2.8200000000E-01
2.8300000000E-01
2.8400000000E-01
2.8500000000E-01
2.8600000000E-01
2.8700000000E-01
2.8800000000E-01
2.8900000000E-01
2.9000000000E-01
2.9100000000E-01
2.9200000000E-01
2.9300000000E-01
2.9400000000E-01
2.9500000000E-01
2.9600000000E-01
2.9700000000E-01
2.9800000000E-01
2.9900000000E-01
3.0000000000E-01
3.0100000000E-01
3.0200000000E-01
3.0300000000E-01
3.0400000000E-01
3.0500000000E-01
3.0600000000E-01
3.0700000000E-01
3.0800000000E-01
3.0900000000E-01
3.1000000000E-01
3.1100000000E-01
3.1200000000E-01
3.1300000000E-01
3.1400000000E-01
3.1500000000E-01
3.1600000000E-01
3.1700000000E-01
3.1800000000E-01
3.1900000000E-01
3.2000000000E-01
3.2100000000E-01
3.2200000000E-01
3.2300000000E-01
3.2400000000E-01
3.2500000000E-01
3.2600000000E-01
3.2700000000E-01
3.2800000000E-01
3.2900000000E-01
3.3000000000E-01
3.3100000000E-01
3.3200000000E-01
3.3300000000E-01
3.3400000000E-01
3.3500000000E-01
3.3600000000E-01
3.3700000000E-01
3.3800000000E-01
3.3900000000E-01
3.4000000000E-01
3.4100000000E-01
3.4200000000E-01
3.4300000000E-01
3.4400000000E-01
3.4500000000E-01
3.4600000000E-01
3.4700000000E-01
3.4800000000E-01
3.4900000000E-01
3.5000000000E-01
3.5100000000E-01
3.5200000000E-01
3.5300000000E-01
3.5400000000E-01
3.5500000000E-01
3.5600000000E-01
3.5700000000E-01
3.5800000000E-01
3.5900000000E-01
3.6000000000E-01
3.6100000000E-01
3.6200000000E-01
3.6300000000E-01
3.6400000000E-01
3.6500000000E-01
3.6600000000E-01
3.6700000000E-01
3.6800000000E-01
3.6900000000E-01
3.7000000000E-01
3.7100000000E-01
3.7200000000E-01
3.7300000000E-01
3.7400000000E-01
3.7500000000E-01
3.7600000000E-01
3.7700000000E-01
3.7800000000E-01
3.7900000000E-01
3.8000000000E-01
3.8100000000E-01
3.8200000000E-01
3.8300000000E-01
3.8400000000E-01
3.8500000000E-01
3.8600000000E-01
3.8700000000E-01
3.8800000000E-01
3.8900000000E-01
3.9000000000E-01
3.9100000000E-01
3.9200000000E-01
3.9300000000E-01
3.9400000000E-01
3.9500000000E-01
3.9600000000E-01
3.9700000000E-01
3.9800000000E-01
3.9900000000E-01
4.0000000000E-01
4.0100000000E-01
4.0200000000E-01
4.0300000000E-01
4.0400000000E-01
4.0500000000E-01
4.0600000000E-01
4.0700000000E-01
4.0800000000E-01
4.0900000000E-01
4.1000000000E-01
4.1100000000E-01
4.1200000000E-01
4.1300000000E-01
4.1400000000E-01
4.1500000000E-01
4.1600000000E-01
4.1700000000E-01
4.1800000000E-01
4.1900000000E-01
4.2000000000E-01
4.2100000000E-01
4.2200000000E-01
4.2300000000E-01
4.2400000000E-01
4.2500000000E-01
4.2600000000E-01
4.2700000000E-01
4.2800000000E-01
4.2900000000E-01
4.3000000000E-01
4.3100000000E-01
4.3200000000E-01
4.3300000000E-01
4.3400000000E-01
4.3500000000E-01
4.3600000000E-01
4.3700000000E-01
4.3800000000E-01
4.3900000000E-01
4.4000000000E-01
4.4100000000E-01
4.4200000000E-01
4.4300000000E-01
4.4400000000E-01
4.4500000000E-01
4.4600000000E-01
4.4700000000E-01
4.4800000000E-01
4.4900000000E-01
4.5000000000E-01
4.5100000000E-01
4.5200000000E-01
4.5300000000E-01
4.5400000000E-01
4.5500000000E-01
4.5600000000E-01
4.5700000000E-01
4.5800000000E-01
4.5900000000E-01
4.6000000000E-01
4.6100000000E-01
4.6200000000E-01
4.6300000000E-01
4.6400000000E-01
4.6500000000E-01
4.6600000000E-01
4.6700000000E-01
4.6800000000E-01
4.6900000000E-01
4.7000000000E-01
4.7100000000E-01
4.7200000000E-01
4.7300000000E-01
4.7400000000E-01
4.7500000000E-01
4.7600000000E-01
4.7700000000E-01
4.7800000000E-01
4.7900000000E-01
4.8000000000E-01
4.8100000000E-01
4.8200000000E-01
4.8300000000E-01
4.8400000000E-01
4.8500000000E-01
4.8600000000E-01
4.8700000000E-01
4.8800000000E-01
4.8900000000E-01
4.9000000000E-01
4.9100000000E-01
4.9200000000E-01
4.9300000000E-01
4.9400000000E-01
4.9500000000E-01
4.9600000000E-01
4.9700000000E-01
4.9800000000E-01
4.9900000000E-01
5.0000000000E-01
5.0100000000E-01
5.0200000000E-01
5.0300000000E-01
5.0400000000E-01
5.0500000000E-01
5.0600000000E-01
5.0700000000E-01
5.0800000000E-01
5.0900000000E-01
5.1000000000E-01
5.1100000000E-01


                           y-direction
-1.00000000E-01
-9.96875000E-02
-9.93750000E-02
-9.90625000E-02
-9.87500000E-02
-9.84375000E-02
-9.81250000E-02
-9.78125000E-02
-9.75000000E-02
-9.71875000E-02
-9.68750000E-02
-9.65625000E-02
-9.62500000E-02
-9.59375000E-02
-9.56250000E-02
-9.53125000E-02
-9.50000000E-02
-9.46875000E-02
-9.43750000E-02
-9.40625000E-02
-9.37500000E-02
-9.34375000E-02
-9.31250000E-02
-9.28125000E-02
-9.25000000E-02
-9.21875000E-02
-9.18750000E-02
-9.15625000E-02
-9.12500000E-02
-9.09375000E-02
-9.06250000E-02
-9.03125000E-02
-9.00000000E-02
-8.96875000E-02
-8.93750000E-02
-8.90625000E-02
-8.87500000E-02
-8.84375000E-02
-8.81250000E-02
-8.78125000E-02
-8.75000000E-02
-8.71875000E-02
-8.68750000E-02
-8.65625000E-02
-8.62500000E-02
-8.59375000E-02
-8.56250000E-02
-8.53125000E-02
-8.50000000E-02
-8.46875000E-02
-8.43750000E-02
-8.40625000E-02
-8.37500000E-02
-8.34375000E-02
-8.31250000E-02
-8.28125000E-02
-8.25000000E-02
-8.21875000E-02
-8.18750000E-02
-8.15625000E-02
-8.12500000E-02
-8.09375000E-02
-8.06250000E-02
-8.03125000E-02
-8.00000000E-02
-7.96875000E-02
-7.93750000E-02
-7.90625000E-02
-7.87500000E-02
-7.84375000E-02
-7.81250000E-02
-7.78125000E-02
-7.75000000E-02
-7.71875000E-02
-7.68750000E-02
-7.65625000E-02
-7.62500000E-02
-7.59375000E-02
-7.56250000E-02
-7.53125000E-02
-7.50000000E-02
-7.46875000E-02
-7.43750000E-02
-7.40625000E-02
-7.37500000E-02
-7.34375000E-02
-7.31250000E-02
-7.28125000E-02
-7.25000000E-02
-7.21875000E-02
-7.18750000E-02
-7.15625000E-02
-7.12500000E-02
-7.09375000E-02
-7.06250000E-02
-7.03125000E-02
-7.00000000E-02
-6.96875000E-02
-6.93750000E-02
-6.90625000E-02
-6.87500000E-02
-6.84375000E-02
-6.81250000E-02
-6.78125000E-02
-6.75000000E-02
-6.71875000E-02
-6.68750000E-02
-6.65625000E-02
-6.62500000E-02
-6.59375000E-02
-6.56250000E-02
-6.53125000E-02
-6.50000000E-02
-6.46875000E-02
-6.43750000E-02
-6.40625000E-02
-6.37500000E-02
-6.34375000E-02
-6.31250000E-02
-6.28125000E-02
-6.25000000E-02
-6.21875000E-02
-6.18750000E-02
-6.15625000E-02
-6.12500000E-02
-6.09375000E-02
-6.06250000E-02
-6.03125000E-02
-6.00000000E-02
-5.96875000E-02
-5.93750000E-02
-5.90625000E-02
-5.87500000E-02
-5.84375000E-02
-5.81250000E-02
-5.78125000E-02
-5.75000000E-02
-5.71875000E-02
-5.68750000E-02
-5.65625000E-02
-5.62500000E-02
-5.59375000E-02
-5.56250000E-02
-5.53125000E-02
-5.50000000E-02
-5.46875000E-02
-5.43750000E-02
-5.40625000E-02
-5.37500000E-02
-5.34375000E-02
-5.31250000E-02
-5.28125000E-02
-5.25000000E-02
-5.21875000E-02
-5.18750000E-02
-5.15625000E-02
-5.12500000E-02
-5.09375000E-02
-5.06250000E-02
-5.03125000E-02
-5.00000000E-02
-4.96875000E-02
-4.93750000E-02
-4.90625000E-02
-4.87500000E-02
-4.84375000E-02
-4.81250000E-02
-4.78125000E-02
-4.75000000E-02
-4.71875000E-02
-4.68750000E-02
-4.65625000E-02
-4.62500000E-02
-4.59375000E-02
-4.56250000E-02
-4.53125000E-02
-4.50000000E-02
-4.46875000E-02
-4.43750000E-02
-4.40625000E-02
-4.37500000E-02
-4.34375000E-02
-4.31250000E-02
-4.28125000E-02
-4.25000000E-02
-4.21875000E-02
-4.18750000E-02
-4.15625000E-02
-4.12500000E-02
-4.09375000E-02
-4.06250000E-02
-4.03125000E-02
-4.00000000E-02
-3.96875000E-02
-3.93750000E-02
-3.90625000E-02
-3.87500000E-02
-3.84375000E-02
-3.81250000E-02
-3.78125000E-02
-3.75000000E-02
-3.71875000E-02
-3.68750000E-02
-3.65625000E-02
-3.62500000E-02
-3.59375000E-02
-3.56250000E-02
-3.53125000E-02
-3.50000000E-02
-3.46875000E-02
-3.43750000E-02
-3.40625000E-02
-3.37500000E-02
-3.34375000E-02
-3.31250000E-02
-3.28125000E-02
-3.25000000E-02
-3.21875000E-02
-3.18750000E-02
-3.15625000E-02
-3.12500000E-02
-3.09375000E-02
-3.06250000E-02
-3.03125000E-02
-3.00000000E-02
-2.96875000E-02
-2.93750000E-02
-2.90625000E-02
-2.87500000E-02
-2.84375000E-02
-2.81250000E-02
-2.78125000E-02
-2.75000000E-02
-2.71875000E-02
-2.68750000E-02
-2.65625000E-02
-2.62500000E-02
-2.59375000E-02
-2.56250000E-02
-2.53125000E-02
-2.50000000E-02
-2.46875000E-02
-2.43750000E-02
-2.40625000E-02
-2.37500000E-02
-2.34375000E-02
-2.31250000E-02
-2.28125000E-02
-2.25000000E-02
-2.21875000E-02
-2.18750000E-02
-2.15625000E-02
-2.12500000E-02
-2.09375000E-02
-2.06250000E-02
-2.03125000E-02
-2.00000000E-02
-1.96875000E-02
-1.93750000E-02
-1.90625000E-02
-1.87500000E-02
-1.84375000E-02
-1.81250000E-02
-1.78125000E-02
-1.75000000E-02
-1.71875000E-02
-1.68750000E-02
-1.65625000E-02
-1.62500000E-02
-1.59375000E-02
-1.56250000E-02
-1.53125000E-02
-1.50000000E-02
-1.46875000E-02
-1.43750000E-02
-1.40625000E-02
-1.37500000E-02
-1.34375000E-02
-1.31250000E-02
-1.28125000E-02
-1.25000000E-02
-1.21875000E-02
-1.18750000E-02
-1.15625000E-02
-1.12500000E-02
-1.09375000E-02
-1.06250000E-02
-1.03125000E-02
-1.00000000E-02
-9.68750000E-03
-9.37500000E-03
-9.06250000E-03
-8.75000000E-03
-8.43750000E-03
-8.12500000E-03
-7.81250000E-03
-7.50000000E-03
-7.18750000E-03
-6.87500000E-03
-6.56250000E-03
-6.25000000E-03
-5.93750000E-03
-5.62500000E-03
-5.31250000E-03
-5.00000000E-03
-4.68750000E-03
-4.37500000E-03
-4.06250000E-03
-3.75000000E-03
-3.43750000E-03
-3.12500000E-03
-2.81250000E-03
-2.50000000E-03
-2.18750000E-03
-1.87500000E-03
-1.56250000E-03
-1.25000000E-03
-9.37500000E-04
-6.25000000E-04
-3.12500000E-04
0.00000000E+00
3.12500000E-04
6.25000000E-04
9.37500000E-04
1.25000000E-03
1.56250000E-03
1.87500000E-03
2.18750000E-03
2.50000000E-03
2.81250000E-03
3.12500000E-03
3.43750000E-03
3.75000000E-03
4.06250000E-03
4.37500000E-03
4.68750000E-03
5.00000000E-03
5.31250000E-03
5.62500000E-03
5.93750000E-03
6.25000000E-03
6.56250000E-03
6.87500000E-03
7.18750000E-03
7.50000000E-03
7.81250000E-03
8.12500000E-03
8.43750000E-03
8.75000000E-03
9.06250000E-03
9.37500000E-03
9.68750000E-03
1.00000000E-02
1.03125000E-02
1.06250000E-02
1.09375000E-02
1.12500000E-02
1.15625000E-02
1.18750000E-02
1.21875000E-02
1.25000000E-02
1.28125000E-02
1.31250000E-02
1.34375000E-02
1.37500000E-02
1.40625000E-02
1.43750000E-02
1.46875000E-02
1.50000000E-02
1.53125000E-02
1.56250000E-02
1.59375000E-02
1.62500000E-02
1.65625000E-02
1.68750000E-02
1.71875000E-02
1.75000000E-02
1.78125000E-02
1.81250000E-02
1.84375000E-02
1.87500000E-02
1.90625000E-02
1.93750000E-02
1.96875000E-02
2.00000000E-02
2.03125000E-02
2.06250000E-02
2.09375000E-02
2.12500000E-02
2.15625000E-02
2.18750000E-02
2.21875000E-02
2.25000000E-02
2.28125000E-02
2.31250000E-02
2.34375000E-02
2.37500000E-02
2.40625000E-02
2.43750000E-02
2.46875000E-02
2.50000000E-02
2.53125000E-02
2.56250000E-02
2.59375000E-02
2.62500000E-02
2.65625000E-02
2.68750000E-02
2.71875000E-02
2.75000000E-02
2.78125000E-02
2.81250000E-02
2.84375000E-02
2.87500000E-02
2.90625000E-02
2.93750000E-02
2.96875000E-02
3.00000000E-02
3.03125000E-02
3.06250000E-02
3.09375000E-02
3.12500000E-02
3.15625000E-02
3.18750000E-02
3.21875000E-02
3.25000000E-02
3.28125000E-02
3.31250000E-02
3.34375000E-02
3.37500000E-02
3.40625000E-02
3.43750000E-02
3.46875000E-02
3.50000000E-02
3.53125000E-02
3.56250000E-02
3.59375000E-02
3.62500000E-02
3.65625000E-02
3.68750000E-02
3.71875000E-02
3.75000000E-02
3.78125000E-02
3.81250000E-02
3.84375000E-02
3.87500000E-02
3.90625000E-02
3.93750000E-02
3.96875000E-02
4.00000000E-02
4.03125000E-02
4.06250000E-02
4.09375000E-02
4.12500000E-02
4.15625000E-02
4.18750000E-02
4.21875000E-02
4.25000000E-02
4.28125000E-02
4.31250000E-02
4.34375000E-02
4.37500000E-02
4.40625000E-02
4.43750000E-02
4.46875000E-02
4.50000000E-02
4.53125000E-02
4.56250000E-02
4.59375000E-02
4.62500000E-02
4.65625000E-02
4.68750000E-02
4.71875000E-02
4.75000000E-02
4.78125000E-02
4.81250000E-02
4.84375000E-02
4.87500000E-02
4.90625000E-02
4.93750000E-02
4.96875000E-02
5.00000000E-02
5.03125000E-02
5.06250000E-02
5.09375000E-02
5.12500000E-02
5.15625000E-02
5.18750000E-02
5.21875000E-02
5.25000000E-02
5.28125000E-02
5.31250000E-02
5.34375000E-02
5.37500000E-02
5.40625000E-02
5.43750000E-02
5.46875000E-02
5.50000000E-02
5.53125000E-02
5.56250000E-02
5.59375000E-02
5.62500000E-02
5.65625000E-02
5.68750000E-02
5.71875000E-02
5.75000000E-02
5.78125000E-02
5.81250000E-02
5.84375000E-02
5.87500000E-02
5.90625000E-02
5.93750000E-02
5.96875000E-02
6.00000000E-02
6.03125000E-02
6.06250000E-02
6.09375000E-02
6.12500000E-02
6.15625000E-02
6.18750000E-02
6.21875000E-02
6.25000000E-02
6.28125000E-02
6.31250000E-02
6.34375000E-02
6.37500000E-02
6.40625000E-02
6.43750000E-02
6.46875000E-02
6.50000000E-02
6.53125000E-02
6.56250000E-02
6.59375000E-02
6.62500000E-02
6.65625000E-02
6.68750000E-02
6.71875000E-02
6.75000000E-02
6.78125000E-02
6.81250000E-02
6.84375000E-02
6.87500000E-02
6.90625000E-02
6.93750000E-02
6.96875000E-02
7.00000000E-02
7.03125000E-02
7.06250000E-02
7.09375000E-02
7.12500000E-02
7.15625000E-02
7.18750000E-02
7.21875000E-02
7.25000000E-02
7.28125000E-02
7.31250000E-02
7.34375000E-02
7.37500000E-02
7.40625000E-02
7.43750000E-02
7.46875000E-02
7.50000000E-02
7.53125000E-02
7.56250000E-02
7.59375000E-02
7.62500000E-02
7.65625000E-02
7.68750000E-02
7.71875000E-02
7.75000000E-02
7.78125000E-02
7.81250000E-02
7.84375000E-02
7.87500000E-02
7.90625000E-02
7.93750000E-02
7.96875000E-02
8.00000000E-02
8.03125000E-02
8.06250000E-02
8.09375000E-02
8.12500000E-02
8.15625000E-02
8.18750000E-02
8.21875000E-02
8.25000000E-02
8.28125000E-02
8.31250000E-02
8.34375000E-02
8.37500000E-02
8.40625000E-02
8.43750000E-02
8.46875000E-02
8.50000000E-02
8.53125000E-02
8.56250000E-02
8.59375000E-02
8.62500000E-02
8.65625000E-02
8.68750000E-02
8.71875000E-02
8.75000000E-02
8.78125000E-02
8.81250000E-02
8.84375000E-02
8.87500000E-02
8.90625000E-02
8.93750000E-02
8.96875000E-02
9.00000000E-02
9.03125000E-02
9.06250000E-02
9.09375000E-02
9.12500000E-02
9.15625000E-02
9.18750000E-02
9.21875000E-02
9.25000000E-02
9.28125000E-02
9.31250000E-02
9.34375000E-02
9.37500000E-02
9.40625000E-02
9.43750000E-02
9.46875000E-02
9.50000000E-02
9.53125000E-02
9.56250000E-02
9.59375000E-02
9.62500000E-02
9.65625000E-02
9.68750000E-02
9.71875000E-02
9.75000000E-02
9.78125000E-02
9.81250000E-02
9.84375000E-02
9.87500000E-02
9.90625000E-02
9.93750000E-02
9.96875000E-02
1.00000000E-01


                           z-direction
0.00000000E-00


END
