1                     number of processus in x-direction (0 if automatic) 
1                     number of processus in y-direction (0 if automatic)
1                     number of processus in z-direction (0 if automatic)

adiabaticwall         -x boundary |choose: inner; extrapolation; noreflection; periodic;
adiabaticwall         +x boundary |        symmetryplane; adiabaticwall; shock; postshock_slipwall;
adiabaticwall         -y boundary |        inflowcheng; inflowmiller; inflowmixchengmiller;
movingwall            +y boundary |        inflowbogey; inflowjet; supersonicflow; wallinjection;
extrapolation         -z boundary |        premixfix; nscbc_out; syntheticturb
extrapolation         +z boundary |


                           x-direction
0.0000000000E+00
1.2500000000E-02
2.5000000000E-02
3.7500000000E-02
5.0000000000E-02
6.2500000000E-02
7.5000000000E-02
8.7500000000E-02
1.0000000000E-01
1.1250000000E-01
1.2500000000E-01
1.3750000000E-01
1.5000000000E-01
1.6250000000E-01
1.7500000000E-01
1.8750000000E-01
2.0000000000E-01
2.1250000000E-01
2.2500000000E-01
2.3750000000E-01
2.5000000000E-01
2.6250000000E-01
2.7500000000E-01
2.8750000000E-01
3.0000000000E-01
3.1250000000E-01
3.2500000000E-01
3.3750000000E-01
3.5000000000E-01
3.6250000000E-01
3.7500000000E-01
3.8750000000E-01
4.0000000000E-01
4.1250000000E-01
4.2500000000E-01
4.3750000000E-01
4.5000000000E-01
4.6250000000E-01
4.7500000000E-01
4.8750000000E-01
5.0000000000E-01
5.1250000000E-01
5.2500000000E-01
5.3750000000E-01
5.5000000000E-01
5.6250000000E-01
5.7500000000E-01
5.8750000000E-01
6.0000000000E-01
6.1250000000E-01
6.2500000000E-01
6.3750000000E-01
6.5000000000E-01
6.6250000000E-01
6.7500000000E-01
6.8750000000E-01
7.0000000000E-01
7.1250000000E-01
7.2500000000E-01
7.3750000000E-01
7.5000000000E-01
7.6250000000E-01
7.7500000000E-01
7.8750000000E-01
8.0000000000E-01
8.1250000000E-01
8.2500000000E-01
8.3750000000E-01
8.5000000000E-01
8.6250000000E-01
8.7500000000E-01
8.8750000000E-01
9.0000000000E-01
9.1250000000E-01
9.2500000000E-01
9.3750000000E-01
9.5000000000E-01
9.6250000000E-01
9.7500000000E-01
9.8750000000E-01
1.0000000000E+00


                           y-direction
0.0000000000E+00
1.2500000000E-02
2.5000000000E-02
3.7500000000E-02
5.0000000000E-02
6.2500000000E-02
7.5000000000E-02
8.7500000000E-02
1.0000000000E-01
1.1250000000E-01
1.2500000000E-01
1.3750000000E-01
1.5000000000E-01
1.6250000000E-01
1.7500000000E-01
1.8750000000E-01
2.0000000000E-01
2.1250000000E-01
2.2500000000E-01
2.3750000000E-01
2.5000000000E-01
2.6250000000E-01
2.7500000000E-01
2.8750000000E-01
3.0000000000E-01
3.1250000000E-01
3.2500000000E-01
3.3750000000E-01
3.5000000000E-01
3.6250000000E-01
3.7500000000E-01
3.8750000000E-01
4.0000000000E-01
4.1250000000E-01
4.2500000000E-01
4.3750000000E-01
4.5000000000E-01
4.6250000000E-01
4.7500000000E-01
4.8750000000E-01
5.0000000000E-01
5.1250000000E-01
5.2500000000E-01
5.3750000000E-01
5.5000000000E-01
5.6250000000E-01
5.7500000000E-01
5.8750000000E-01
6.0000000000E-01
6.1250000000E-01
6.2500000000E-01
6.3750000000E-01
6.5000000000E-01
6.6250000000E-01
6.7500000000E-01
6.8750000000E-01
7.0000000000E-01
7.1250000000E-01
7.2500000000E-01
7.3750000000E-01
7.5000000000E-01
7.6250000000E-01
7.7500000000E-01
7.8750000000E-01
8.0000000000E-01
8.1250000000E-01
8.2500000000E-01
8.3750000000E-01
8.5000000000E-01
8.6250000000E-01
8.7500000000E-01
8.8750000000E-01
9.0000000000E-01
9.1250000000E-01
9.2500000000E-01
9.3750000000E-01
9.5000000000E-01
9.6250000000E-01
9.7500000000E-01
9.8750000000E-01
1.0000000000E+00


                           z-direction
0.0000000000E+00


END
