1                    number of processus in x-direction (0 if automatic) 
1                    number of processus in y-direction (0 if automatic)
1                    number of processus in z-direction (0 if automatic)

periodic             -x boundary |choose: inner; extrapolation; noreflection; periodic;
periodic             +x boundary |        symmetryplane; adiabaticwall; shock; postshock_slipwall;
periodic             -y boundary |        inflowcheng; inflowmiller; inflowmixchengmiller;
periodic             +y boundary |        inflowbogey; inflowjet; supersonicflow; wallinjection;
periodic             -z boundary |        premixfix; nscbc_out; syntheticturb
periodic             +z boundary |


                           x-direction
0.0000000000E+00
2.4543692606E-02
4.9087385212E-02
7.3631077819E-02
9.8174770425E-02
1.2271846303E-01
1.4726215564E-01
1.7180584824E-01
1.9634954085E-01
2.2089323346E-01
2.4543692606E-01
2.6998061867E-01
2.9452431127E-01
3.1906800388E-01
3.4361169649E-01
3.6815538909E-01
3.9269908170E-01
4.1724277430E-01
4.4178646691E-01
4.6633015952E-01
4.9087385212E-01
5.1541754473E-01
5.3996123734E-01
5.6450492994E-01
5.8904862255E-01
6.1359231515E-01
6.3813600776E-01
6.6267970037E-01
6.8722339297E-01
7.1176708558E-01
7.3631077819E-01
7.6085447079E-01
7.8539816340E-01
8.0994185600E-01
8.3448554861E-01
8.5902924122E-01
8.8357293382E-01
9.0811662643E-01
9.3266031903E-01
9.5720401164E-01
9.8174770425E-01
1.0062913969E+00
1.0308350895E+00
1.0553787821E+00
1.0799224747E+00
1.1044661673E+00
1.1290098599E+00
1.1535535525E+00
1.1780972451E+00
1.2026409377E+00
1.2271846303E+00
1.2517283229E+00
1.2762720155E+00
1.3008157081E+00
1.3253594007E+00
1.3499030933E+00
1.3744467859E+00
1.3989904786E+00
1.4235341712E+00
1.4480778638E+00
1.4726215564E+00
1.4971652490E+00
1.5217089416E+00
1.5462526342E+00
1.5707963268E+00
1.5953400194E+00
1.6198837120E+00
1.6444274046E+00
1.6689710972E+00
1.6935147898E+00
1.7180584824E+00
1.7426021750E+00
1.7671458676E+00
1.7916895603E+00
1.8162332529E+00
1.8407769455E+00
1.8653206381E+00
1.8898643307E+00
1.9144080233E+00
1.9389517159E+00
1.9634954085E+00
1.9880391011E+00
2.0125827937E+00
2.0371264863E+00
2.0616701789E+00
2.0862138715E+00
2.1107575641E+00
2.1353012567E+00
2.1598449493E+00
2.1843886419E+00
2.2089323346E+00
2.2334760272E+00
2.2580197198E+00
2.2825634124E+00
2.3071071050E+00
2.3316507976E+00
2.3561944902E+00
2.3807381828E+00
2.4052818754E+00
2.4298255680E+00
2.4543692606E+00
2.4789129532E+00
2.5034566458E+00
2.5280003384E+00
2.5525440310E+00
2.5770877236E+00
2.6016314163E+00
2.6261751089E+00
2.6507188015E+00
2.6752624941E+00
2.6998061867E+00
2.7243498793E+00
2.7488935719E+00
2.7734372645E+00
2.7979809571E+00
2.8225246497E+00
2.8470683423E+00
2.8716120349E+00
2.8961557275E+00
2.9206994201E+00
2.9452431127E+00
2.9697868053E+00
2.9943304980E+00
3.0188741906E+00
3.0434178832E+00
3.0679615758E+00
3.0925052684E+00
3.1170489610E+00
3.1415926536E+00
3.1661363462E+00
3.1906800388E+00
3.2152237314E+00
3.2397674240E+00
3.2643111166E+00
3.2888548092E+00
3.3133985018E+00
3.3379421944E+00
3.3624858870E+00
3.3870295797E+00
3.4115732723E+00
3.4361169649E+00
3.4606606575E+00
3.4852043501E+00
3.5097480427E+00
3.5342917353E+00
3.5588354279E+00
3.5833791205E+00
3.6079228131E+00
3.6324665057E+00
3.6570101983E+00
3.6815538909E+00
3.7060975835E+00
3.7306412761E+00
3.7551849687E+00
3.7797286614E+00
3.8042723540E+00
3.8288160466E+00
3.8533597392E+00
3.8779034318E+00
3.9024471244E+00
3.9269908170E+00
3.9515345096E+00
3.9760782022E+00
4.0006218948E+00
4.0251655874E+00
4.0497092800E+00
4.0742529726E+00
4.0987966652E+00
4.1233403578E+00
4.1478840504E+00
4.1724277430E+00
4.1969714357E+00
4.2215151283E+00
4.2460588209E+00
4.2706025135E+00
4.2951462061E+00
4.3196898987E+00
4.3442335913E+00
4.3687772839E+00
4.3933209765E+00
4.4178646691E+00
4.4424083617E+00
4.4669520543E+00
4.4914957469E+00
4.5160394395E+00
4.5405831321E+00
4.5651268247E+00
4.5896705174E+00
4.6142142100E+00
4.6387579026E+00
4.6633015952E+00
4.6878452878E+00
4.7123889804E+00
4.7369326730E+00
4.7614763656E+00
4.7860200582E+00
4.8105637508E+00
4.8351074434E+00
4.8596511360E+00
4.8841948286E+00
4.9087385212E+00
4.9332822138E+00
4.9578259064E+00
4.9823695991E+00
5.0069132917E+00
5.0314569843E+00
5.0560006769E+00
5.0805443695E+00
5.1050880621E+00
5.1296317547E+00
5.1541754473E+00
5.1787191399E+00
5.2032628325E+00
5.2278065251E+00
5.2523502177E+00
5.2768939103E+00
5.3014376029E+00
5.3259812955E+00
5.3505249881E+00
5.3750686808E+00
5.3996123734E+00
5.4241560660E+00
5.4486997586E+00
5.4732434512E+00
5.4977871438E+00
5.5223308364E+00
5.5468745290E+00
5.5714182216E+00
5.5959619142E+00
5.6205056068E+00
5.6450492994E+00
5.6695929920E+00
5.6941366846E+00
5.7186803772E+00
5.7432240698E+00
5.7677677625E+00
5.7923114551E+00
5.8168551477E+00
5.8413988403E+00
5.8659425329E+00
5.8904862255E+00
5.9150299181E+00
5.9395736107E+00
5.9641173033E+00
5.9886609959E+00
6.0132046885E+00
6.0377483811E+00
6.0622920737E+00
6.0868357663E+00
6.1113794589E+00
6.1359231515E+00
6.1604668441E+00
6.1850105368E+00
6.2095542294E+00
6.2340979220E+00
6.2586416146E+00



                           y-direction
0.0000000000E+00
2.4543692606E-02
4.9087385212E-02
7.3631077819E-02
9.8174770425E-02
1.2271846303E-01
1.4726215564E-01
1.7180584824E-01
1.9634954085E-01
2.2089323346E-01
2.4543692606E-01
2.6998061867E-01
2.9452431127E-01
3.1906800388E-01
3.4361169649E-01
3.6815538909E-01
3.9269908170E-01
4.1724277430E-01
4.4178646691E-01
4.6633015952E-01
4.9087385212E-01
5.1541754473E-01
5.3996123734E-01
5.6450492994E-01
5.8904862255E-01
6.1359231515E-01
6.3813600776E-01
6.6267970037E-01
6.8722339297E-01
7.1176708558E-01
7.3631077819E-01
7.6085447079E-01
7.8539816340E-01
8.0994185600E-01
8.3448554861E-01
8.5902924122E-01
8.8357293382E-01
9.0811662643E-01
9.3266031903E-01
9.5720401164E-01
9.8174770425E-01
1.0062913969E+00
1.0308350895E+00
1.0553787821E+00
1.0799224747E+00
1.1044661673E+00
1.1290098599E+00
1.1535535525E+00
1.1780972451E+00
1.2026409377E+00
1.2271846303E+00
1.2517283229E+00
1.2762720155E+00
1.3008157081E+00
1.3253594007E+00
1.3499030933E+00
1.3744467859E+00
1.3989904786E+00
1.4235341712E+00
1.4480778638E+00
1.4726215564E+00
1.4971652490E+00
1.5217089416E+00
1.5462526342E+00
1.5707963268E+00
1.5953400194E+00
1.6198837120E+00
1.6444274046E+00
1.6689710972E+00
1.6935147898E+00
1.7180584824E+00
1.7426021750E+00
1.7671458676E+00
1.7916895603E+00
1.8162332529E+00
1.8407769455E+00
1.8653206381E+00
1.8898643307E+00
1.9144080233E+00
1.9389517159E+00
1.9634954085E+00
1.9880391011E+00
2.0125827937E+00
2.0371264863E+00
2.0616701789E+00
2.0862138715E+00
2.1107575641E+00
2.1353012567E+00
2.1598449493E+00
2.1843886419E+00
2.2089323346E+00
2.2334760272E+00
2.2580197198E+00
2.2825634124E+00
2.3071071050E+00
2.3316507976E+00
2.3561944902E+00
2.3807381828E+00
2.4052818754E+00
2.4298255680E+00
2.4543692606E+00
2.4789129532E+00
2.5034566458E+00
2.5280003384E+00
2.5525440310E+00
2.5770877236E+00
2.6016314163E+00
2.6261751089E+00
2.6507188015E+00
2.6752624941E+00
2.6998061867E+00
2.7243498793E+00
2.7488935719E+00
2.7734372645E+00
2.7979809571E+00
2.8225246497E+00
2.8470683423E+00
2.8716120349E+00
2.8961557275E+00
2.9206994201E+00
2.9452431127E+00
2.9697868053E+00
2.9943304980E+00
3.0188741906E+00
3.0434178832E+00
3.0679615758E+00
3.0925052684E+00
3.1170489610E+00
3.1415926536E+00
3.1661363462E+00
3.1906800388E+00
3.2152237314E+00
3.2397674240E+00
3.2643111166E+00
3.2888548092E+00
3.3133985018E+00
3.3379421944E+00
3.3624858870E+00
3.3870295797E+00
3.4115732723E+00
3.4361169649E+00
3.4606606575E+00
3.4852043501E+00
3.5097480427E+00
3.5342917353E+00
3.5588354279E+00
3.5833791205E+00
3.6079228131E+00
3.6324665057E+00
3.6570101983E+00
3.6815538909E+00
3.7060975835E+00
3.7306412761E+00
3.7551849687E+00
3.7797286614E+00
3.8042723540E+00
3.8288160466E+00
3.8533597392E+00
3.8779034318E+00
3.9024471244E+00
3.9269908170E+00
3.9515345096E+00
3.9760782022E+00
4.0006218948E+00
4.0251655874E+00
4.0497092800E+00
4.0742529726E+00
4.0987966652E+00
4.1233403578E+00
4.1478840504E+00
4.1724277430E+00
4.1969714357E+00
4.2215151283E+00
4.2460588209E+00
4.2706025135E+00
4.2951462061E+00
4.3196898987E+00
4.3442335913E+00
4.3687772839E+00
4.3933209765E+00
4.4178646691E+00
4.4424083617E+00
4.4669520543E+00
4.4914957469E+00
4.5160394395E+00
4.5405831321E+00
4.5651268247E+00
4.5896705174E+00
4.6142142100E+00
4.6387579026E+00
4.6633015952E+00
4.6878452878E+00
4.7123889804E+00
4.7369326730E+00
4.7614763656E+00
4.7860200582E+00
4.8105637508E+00
4.8351074434E+00
4.8596511360E+00
4.8841948286E+00
4.9087385212E+00
4.9332822138E+00
4.9578259064E+00
4.9823695991E+00
5.0069132917E+00
5.0314569843E+00
5.0560006769E+00
5.0805443695E+00
5.1050880621E+00
5.1296317547E+00
5.1541754473E+00
5.1787191399E+00
5.2032628325E+00
5.2278065251E+00
5.2523502177E+00
5.2768939103E+00
5.3014376029E+00
5.3259812955E+00
5.3505249881E+00
5.3750686808E+00
5.3996123734E+00
5.4241560660E+00
5.4486997586E+00
5.4732434512E+00
5.4977871438E+00
5.5223308364E+00
5.5468745290E+00
5.5714182216E+00
5.5959619142E+00
5.6205056068E+00
5.6450492994E+00
5.6695929920E+00
5.6941366846E+00
5.7186803772E+00
5.7432240698E+00
5.7677677625E+00
5.7923114551E+00
5.8168551477E+00
5.8413988403E+00
5.8659425329E+00
5.8904862255E+00
5.9150299181E+00
5.9395736107E+00
5.9641173033E+00
5.9886609959E+00
6.0132046885E+00
6.0377483811E+00
6.0622920737E+00
6.0868357663E+00
6.1113794589E+00
6.1359231515E+00
6.1604668441E+00
6.1850105368E+00
6.2095542294E+00
6.2340979220E+00
6.2586416146E+00



                           z-direction
0.0000000000E+00
2.4543692606E-02
4.9087385212E-02
7.3631077819E-02
9.8174770425E-02
1.2271846303E-01
1.4726215564E-01
1.7180584824E-01
1.9634954085E-01
2.2089323346E-01
2.4543692606E-01
2.6998061867E-01
2.9452431127E-01
3.1906800388E-01
3.4361169649E-01
3.6815538909E-01
3.9269908170E-01
4.1724277430E-01
4.4178646691E-01
4.6633015952E-01
4.9087385212E-01
5.1541754473E-01
5.3996123734E-01
5.6450492994E-01
5.8904862255E-01
6.1359231515E-01
6.3813600776E-01
6.6267970037E-01
6.8722339297E-01
7.1176708558E-01
7.3631077819E-01
7.6085447079E-01
7.8539816340E-01
8.0994185600E-01
8.3448554861E-01
8.5902924122E-01
8.8357293382E-01
9.0811662643E-01
9.3266031903E-01
9.5720401164E-01
9.8174770425E-01
1.0062913969E+00
1.0308350895E+00
1.0553787821E+00
1.0799224747E+00
1.1044661673E+00
1.1290098599E+00
1.1535535525E+00
1.1780972451E+00
1.2026409377E+00
1.2271846303E+00
1.2517283229E+00
1.2762720155E+00
1.3008157081E+00
1.3253594007E+00
1.3499030933E+00
1.3744467859E+00
1.3989904786E+00
1.4235341712E+00
1.4480778638E+00
1.4726215564E+00
1.4971652490E+00
1.5217089416E+00
1.5462526342E+00
1.5707963268E+00
1.5953400194E+00
1.6198837120E+00
1.6444274046E+00
1.6689710972E+00
1.6935147898E+00
1.7180584824E+00
1.7426021750E+00
1.7671458676E+00
1.7916895603E+00
1.8162332529E+00
1.8407769455E+00
1.8653206381E+00
1.8898643307E+00
1.9144080233E+00
1.9389517159E+00
1.9634954085E+00
1.9880391011E+00
2.0125827937E+00
2.0371264863E+00
2.0616701789E+00
2.0862138715E+00
2.1107575641E+00
2.1353012567E+00
2.1598449493E+00
2.1843886419E+00
2.2089323346E+00
2.2334760272E+00
2.2580197198E+00
2.2825634124E+00
2.3071071050E+00
2.3316507976E+00
2.3561944902E+00
2.3807381828E+00
2.4052818754E+00
2.4298255680E+00
2.4543692606E+00
2.4789129532E+00
2.5034566458E+00
2.5280003384E+00
2.5525440310E+00
2.5770877236E+00
2.6016314163E+00
2.6261751089E+00
2.6507188015E+00
2.6752624941E+00
2.6998061867E+00
2.7243498793E+00
2.7488935719E+00
2.7734372645E+00
2.7979809571E+00
2.8225246497E+00
2.8470683423E+00
2.8716120349E+00
2.8961557275E+00
2.9206994201E+00
2.9452431127E+00
2.9697868053E+00
2.9943304980E+00
3.0188741906E+00
3.0434178832E+00
3.0679615758E+00
3.0925052684E+00
3.1170489610E+00
3.1415926536E+00
3.1661363462E+00
3.1906800388E+00
3.2152237314E+00
3.2397674240E+00
3.2643111166E+00
3.2888548092E+00
3.3133985018E+00
3.3379421944E+00
3.3624858870E+00
3.3870295797E+00
3.4115732723E+00
3.4361169649E+00
3.4606606575E+00
3.4852043501E+00
3.5097480427E+00
3.5342917353E+00
3.5588354279E+00
3.5833791205E+00
3.6079228131E+00
3.6324665057E+00
3.6570101983E+00
3.6815538909E+00
3.7060975835E+00
3.7306412761E+00
3.7551849687E+00
3.7797286614E+00
3.8042723540E+00
3.8288160466E+00
3.8533597392E+00
3.8779034318E+00
3.9024471244E+00
3.9269908170E+00
3.9515345096E+00
3.9760782022E+00
4.0006218948E+00
4.0251655874E+00
4.0497092800E+00
4.0742529726E+00
4.0987966652E+00
4.1233403578E+00
4.1478840504E+00
4.1724277430E+00
4.1969714357E+00
4.2215151283E+00
4.2460588209E+00
4.2706025135E+00
4.2951462061E+00
4.3196898987E+00
4.3442335913E+00
4.3687772839E+00
4.3933209765E+00
4.4178646691E+00
4.4424083617E+00
4.4669520543E+00
4.4914957469E+00
4.5160394395E+00
4.5405831321E+00
4.5651268247E+00
4.5896705174E+00
4.6142142100E+00
4.6387579026E+00
4.6633015952E+00
4.6878452878E+00
4.7123889804E+00
4.7369326730E+00
4.7614763656E+00
4.7860200582E+00
4.8105637508E+00
4.8351074434E+00
4.8596511360E+00
4.8841948286E+00
4.9087385212E+00
4.9332822138E+00
4.9578259064E+00
4.9823695991E+00
5.0069132917E+00
5.0314569843E+00
5.0560006769E+00
5.0805443695E+00
5.1050880621E+00
5.1296317547E+00
5.1541754473E+00
5.1787191399E+00
5.2032628325E+00
5.2278065251E+00
5.2523502177E+00
5.2768939103E+00
5.3014376029E+00
5.3259812955E+00
5.3505249881E+00
5.3750686808E+00
5.3996123734E+00
5.4241560660E+00
5.4486997586E+00
5.4732434512E+00
5.4977871438E+00
5.5223308364E+00
5.5468745290E+00
5.5714182216E+00
5.5959619142E+00
5.6205056068E+00
5.6450492994E+00
5.6695929920E+00
5.6941366846E+00
5.7186803772E+00
5.7432240698E+00
5.7677677625E+00
5.7923114551E+00
5.8168551477E+00
5.8413988403E+00
5.8659425329E+00
5.8904862255E+00
5.9150299181E+00
5.9395736107E+00
5.9641173033E+00
5.9886609959E+00
6.0132046885E+00
6.0377483811E+00
6.0622920737E+00
6.0868357663E+00
6.1113794589E+00
6.1359231515E+00
6.1604668441E+00
6.1850105368E+00
6.2095542294E+00
6.2340979220E+00
6.2586416146E+00



END
