4                ! Number of processus in x-direction (0 if automatic)
2                ! Number of processus in y-direction (0 if automatic)
1                ! Number of processus in z-direction (0 if automatic)

shock            -x boundary |choose: inner; extrapolation; noreflection; periodic;
extrapolation    +x boundary |        symmetryplane; adiabaticwall; shock; postshock_slipwall;
slipwall         -y boundary |        inflowcheng; inflowmiller; inflowmixchengmiller;
shock            +y boundary |        inflowbogey; inflowjet; supersonicflow; wallinjection;
periodic         -z boundary |        premixfix; nscbc_out; syntheticturb
periodic         +z boundary |


x-direction
0.0000000000E+00
5.0000000000E-03
1.0000000000E-02
1.5000000000E-02
2.0000000000E-02
2.5000000000E-02
3.0000000000E-02
3.5000000000E-02
4.0000000000E-02
4.5000000000E-02
5.0000000000E-02
5.5000000000E-02
6.0000000000E-02
6.5000000000E-02
7.0000000000E-02
7.5000000000E-02
8.0000000000E-02
8.5000000000E-02
9.0000000000E-02
9.5000000000E-02
1.0000000000E-01
1.0500000000E-01
1.1000000000E-01
1.1500000000E-01
1.2000000000E-01
1.2500000000E-01
1.3000000000E-01
1.3500000000E-01
1.4000000000E-01
1.4500000000E-01
1.5000000000E-01
1.5500000000E-01
1.6000000000E-01
1.6500000000E-01
1.7000000000E-01
1.7500000000E-01
1.8000000000E-01
1.8500000000E-01
1.9000000000E-01
1.9500000000E-01
2.0000000000E-01
2.0500000000E-01
2.1000000000E-01
2.1500000000E-01
2.2000000000E-01
2.2500000000E-01
2.3000000000E-01
2.3500000000E-01
2.4000000000E-01
2.4500000000E-01
2.5000000000E-01
2.5500000000E-01
2.6000000000E-01
2.6500000000E-01
2.7000000000E-01
2.7500000000E-01
2.8000000000E-01
2.8500000000E-01
2.9000000000E-01
2.9500000000E-01
3.0000000000E-01
3.0500000000E-01
3.1000000000E-01
3.1500000000E-01
3.2000000000E-01
3.2500000000E-01
3.3000000000E-01
3.3500000000E-01
3.4000000000E-01
3.4500000000E-01
3.5000000000E-01
3.5500000000E-01
3.6000000000E-01
3.6500000000E-01
3.7000000000E-01
3.7500000000E-01
3.8000000000E-01
3.8500000000E-01
3.9000000000E-01
3.9500000000E-01
4.0000000000E-01
4.0500000000E-01
4.1000000000E-01
4.1500000000E-01
4.2000000000E-01
4.2500000000E-01
4.3000000000E-01
4.3500000000E-01
4.4000000000E-01
4.4500000000E-01
4.5000000000E-01
4.5500000000E-01
4.6000000000E-01
4.6500000000E-01
4.7000000000E-01
4.7500000000E-01
4.8000000000E-01
4.8500000000E-01
4.9000000000E-01
4.9500000000E-01
5.0000000000E-01
5.0500000000E-01
5.1000000000E-01
5.1500000000E-01
5.2000000000E-01
5.2500000000E-01
5.3000000000E-01
5.3500000000E-01
5.4000000000E-01
5.4500000000E-01
5.5000000000E-01
5.5500000000E-01
5.6000000000E-01
5.6500000000E-01
5.7000000000E-01
5.7500000000E-01
5.8000000000E-01
5.8500000000E-01
5.9000000000E-01
5.9500000000E-01
6.0000000000E-01
6.0500000000E-01
6.1000000000E-01
6.1500000000E-01
6.2000000000E-01
6.2500000000E-01
6.3000000000E-01
6.3500000000E-01
6.4000000000E-01
6.4500000000E-01
6.5000000000E-01
6.5500000000E-01
6.6000000000E-01
6.6500000000E-01
6.7000000000E-01
6.7500000000E-01
6.8000000000E-01
6.8500000000E-01
6.9000000000E-01
6.9500000000E-01
7.0000000000E-01
7.0500000000E-01
7.1000000000E-01
7.1500000000E-01
7.2000000000E-01
7.2500000000E-01
7.3000000000E-01
7.3500000000E-01
7.4000000000E-01
7.4500000000E-01
7.5000000000E-01
7.5500000000E-01
7.6000000000E-01
7.6500000000E-01
7.7000000000E-01
7.7500000000E-01
7.8000000000E-01
7.8500000000E-01
7.9000000000E-01
7.9500000000E-01
8.0000000000E-01
8.0500000000E-01
8.1000000000E-01
8.1500000000E-01
8.2000000000E-01
8.2500000000E-01
8.3000000000E-01
8.3500000000E-01
8.4000000000E-01
8.4500000000E-01
8.5000000000E-01
8.5500000000E-01
8.6000000000E-01
8.6500000000E-01
8.7000000000E-01
8.7500000000E-01
8.8000000000E-01
8.8500000000E-01
8.9000000000E-01
8.9500000000E-01
9.0000000000E-01
9.0500000000E-01
9.1000000000E-01
9.1500000000E-01
9.2000000000E-01
9.2500000000E-01
9.3000000000E-01
9.3500000000E-01
9.4000000000E-01
9.4500000000E-01
9.5000000000E-01
9.5500000000E-01
9.6000000000E-01
9.6500000000E-01
9.7000000000E-01
9.7500000000E-01
9.8000000000E-01
9.8500000000E-01
9.9000000000E-01
9.9500000000E-01
1.0000000000E+00
1.0050000000E+00
1.0100000000E+00
1.0150000000E+00
1.0200000000E+00
1.0250000000E+00
1.0300000000E+00
1.0350000000E+00
1.0400000000E+00
1.0450000000E+00
1.0500000000E+00
1.0550000000E+00
1.0600000000E+00
1.0650000000E+00
1.0700000000E+00
1.0750000000E+00
1.0800000000E+00
1.0850000000E+00
1.0900000000E+00
1.0950000000E+00
1.1000000000E+00
1.1050000000E+00
1.1100000000E+00
1.1150000000E+00
1.1200000000E+00
1.1250000000E+00
1.1300000000E+00
1.1350000000E+00
1.1400000000E+00
1.1450000000E+00
1.1500000000E+00
1.1550000000E+00
1.1600000000E+00
1.1650000000E+00
1.1700000000E+00
1.1750000000E+00
1.1800000000E+00
1.1850000000E+00
1.1900000000E+00
1.1950000000E+00
1.2000000000E+00
1.2050000000E+00
1.2100000000E+00
1.2150000000E+00
1.2200000000E+00
1.2250000000E+00
1.2300000000E+00
1.2350000000E+00
1.2400000000E+00
1.2450000000E+00
1.2500000000E+00
1.2550000000E+00
1.2600000000E+00
1.2650000000E+00
1.2700000000E+00
1.2750000000E+00
1.2800000000E+00
1.2850000000E+00
1.2900000000E+00
1.2950000000E+00
1.3000000000E+00
1.3050000000E+00
1.3100000000E+00
1.3150000000E+00
1.3200000000E+00
1.3250000000E+00
1.3300000000E+00
1.3350000000E+00
1.3400000000E+00
1.3450000000E+00
1.3500000000E+00
1.3550000000E+00
1.3600000000E+00
1.3650000000E+00
1.3700000000E+00
1.3750000000E+00
1.3800000000E+00
1.3850000000E+00
1.3900000000E+00
1.3950000000E+00
1.4000000000E+00
1.4050000000E+00
1.4100000000E+00
1.4150000000E+00
1.4200000000E+00
1.4250000000E+00
1.4300000000E+00
1.4350000000E+00
1.4400000000E+00
1.4450000000E+00
1.4500000000E+00
1.4550000000E+00
1.4600000000E+00
1.4650000000E+00
1.4700000000E+00
1.4750000000E+00
1.4800000000E+00
1.4850000000E+00
1.4900000000E+00
1.4950000000E+00
1.5000000000E+00
1.5050000000E+00
1.5100000000E+00
1.5150000000E+00
1.5200000000E+00
1.5250000000E+00
1.5300000000E+00
1.5350000000E+00
1.5400000000E+00
1.5450000000E+00
1.5500000000E+00
1.5550000000E+00
1.5600000000E+00
1.5650000000E+00
1.5700000000E+00
1.5750000000E+00
1.5800000000E+00
1.5850000000E+00
1.5900000000E+00
1.5950000000E+00
1.6000000000E+00
1.6050000000E+00
1.6100000000E+00
1.6150000000E+00
1.6200000000E+00
1.6250000000E+00
1.6300000000E+00
1.6350000000E+00
1.6400000000E+00
1.6450000000E+00
1.6500000000E+00
1.6550000000E+00
1.6600000000E+00
1.6650000000E+00
1.6700000000E+00
1.6750000000E+00
1.6800000000E+00
1.6850000000E+00
1.6900000000E+00
1.6950000000E+00
1.7000000000E+00
1.7050000000E+00
1.7100000000E+00
1.7150000000E+00
1.7200000000E+00
1.7250000000E+00
1.7300000000E+00
1.7350000000E+00
1.7400000000E+00
1.7450000000E+00
1.7500000000E+00
1.7550000000E+00
1.7600000000E+00
1.7650000000E+00
1.7700000000E+00
1.7750000000E+00
1.7800000000E+00
1.7850000000E+00
1.7900000000E+00
1.7950000000E+00
1.8000000000E+00
1.8050000000E+00
1.8100000000E+00
1.8150000000E+00
1.8200000000E+00
1.8250000000E+00
1.8300000000E+00
1.8350000000E+00
1.8400000000E+00
1.8450000000E+00
1.8500000000E+00
1.8550000000E+00
1.8600000000E+00
1.8650000000E+00
1.8700000000E+00
1.8750000000E+00
1.8800000000E+00
1.8850000000E+00
1.8900000000E+00
1.8950000000E+00
1.9000000000E+00
1.9050000000E+00
1.9100000000E+00
1.9150000000E+00
1.9200000000E+00
1.9250000000E+00
1.9300000000E+00
1.9350000000E+00
1.9400000000E+00
1.9450000000E+00
1.9500000000E+00
1.9550000000E+00
1.9600000000E+00
1.9650000000E+00
1.9700000000E+00
1.9750000000E+00
1.9800000000E+00
1.9850000000E+00
1.9900000000E+00
1.9950000000E+00
2.0000000000E+00
2.0050000000E+00
2.0100000000E+00
2.0150000000E+00
2.0200000000E+00
2.0250000000E+00
2.0300000000E+00
2.0350000000E+00
2.0400000000E+00
2.0450000000E+00
2.0500000000E+00
2.0550000000E+00
2.0600000000E+00
2.0650000000E+00
2.0700000000E+00
2.0750000000E+00
2.0800000000E+00
2.0850000000E+00
2.0900000000E+00
2.0950000000E+00
2.1000000000E+00
2.1050000000E+00
2.1100000000E+00
2.1150000000E+00
2.1200000000E+00
2.1250000000E+00
2.1300000000E+00
2.1350000000E+00
2.1400000000E+00
2.1450000000E+00
2.1500000000E+00
2.1550000000E+00
2.1600000000E+00
2.1650000000E+00
2.1700000000E+00
2.1750000000E+00
2.1800000000E+00
2.1850000000E+00
2.1900000000E+00
2.1950000000E+00
2.2000000000E+00
2.2050000000E+00
2.2100000000E+00
2.2150000000E+00
2.2200000000E+00
2.2250000000E+00
2.2300000000E+00
2.2350000000E+00
2.2400000000E+00
2.2450000000E+00
2.2500000000E+00
2.2550000000E+00
2.2600000000E+00
2.2650000000E+00
2.2700000000E+00
2.2750000000E+00
2.2800000000E+00
2.2850000000E+00
2.2900000000E+00
2.2950000000E+00
2.3000000000E+00
2.3050000000E+00
2.3100000000E+00
2.3150000000E+00
2.3200000000E+00
2.3250000000E+00
2.3300000000E+00
2.3350000000E+00
2.3400000000E+00
2.3450000000E+00
2.3500000000E+00
2.3550000000E+00
2.3600000000E+00
2.3650000000E+00
2.3700000000E+00
2.3750000000E+00
2.3800000000E+00
2.3850000000E+00
2.3900000000E+00
2.3950000000E+00
2.4000000000E+00
2.4050000000E+00
2.4100000000E+00
2.4150000000E+00
2.4200000000E+00
2.4250000000E+00
2.4300000000E+00
2.4350000000E+00
2.4400000000E+00
2.4450000000E+00
2.4500000000E+00
2.4550000000E+00
2.4600000000E+00
2.4650000000E+00
2.4700000000E+00
2.4750000000E+00
2.4800000000E+00
2.4850000000E+00
2.4900000000E+00
2.4950000000E+00
2.5000000000E+00
2.5050000000E+00
2.5100000000E+00
2.5150000000E+00
2.5200000000E+00
2.5250000000E+00
2.5300000000E+00
2.5350000000E+00
2.5400000000E+00
2.5450000000E+00
2.5500000000E+00
2.5550000000E+00
2.5600000000E+00
2.5650000000E+00
2.5700000000E+00
2.5750000000E+00
2.5800000000E+00
2.5850000000E+00
2.5900000000E+00
2.5950000000E+00
2.6000000000E+00
2.6050000000E+00
2.6100000000E+00
2.6150000000E+00
2.6200000000E+00
2.6250000000E+00
2.6300000000E+00
2.6350000000E+00
2.6400000000E+00
2.6450000000E+00
2.6500000000E+00
2.6550000000E+00
2.6600000000E+00
2.6650000000E+00
2.6700000000E+00
2.6750000000E+00
2.6800000000E+00
2.6850000000E+00
2.6900000000E+00
2.6950000000E+00
2.7000000000E+00
2.7050000000E+00
2.7100000000E+00
2.7150000000E+00
2.7200000000E+00
2.7250000000E+00
2.7300000000E+00
2.7350000000E+00
2.7400000000E+00
2.7450000000E+00
2.7500000000E+00
2.7550000000E+00
2.7600000000E+00
2.7650000000E+00
2.7700000000E+00
2.7750000000E+00
2.7800000000E+00
2.7850000000E+00
2.7900000000E+00
2.7950000000E+00
2.8000000000E+00
2.8050000000E+00
2.8100000000E+00
2.8150000000E+00
2.8200000000E+00
2.8250000000E+00
2.8300000000E+00
2.8350000000E+00
2.8400000000E+00
2.8450000000E+00
2.8500000000E+00
2.8550000000E+00
2.8600000000E+00
2.8650000000E+00
2.8700000000E+00
2.8750000000E+00
2.8800000000E+00
2.8850000000E+00
2.8900000000E+00
2.8950000000E+00
2.9000000000E+00
2.9050000000E+00
2.9100000000E+00
2.9150000000E+00
2.9200000000E+00
2.9250000000E+00
2.9300000000E+00
2.9350000000E+00
2.9400000000E+00
2.9450000000E+00
2.9500000000E+00
2.9550000000E+00
2.9600000000E+00
2.9650000000E+00
2.9700000000E+00
2.9750000000E+00
2.9800000000E+00
2.9850000000E+00
2.9900000000E+00
2.9950000000E+00
3.0000000000E+00
3.0050000000E+00
3.0100000000E+00
3.0150000000E+00
3.0200000000E+00
3.0250000000E+00
3.0300000000E+00
3.0350000000E+00
3.0400000000E+00
3.0450000000E+00
3.0500000000E+00
3.0550000000E+00
3.0600000000E+00
3.0650000000E+00
3.0700000000E+00
3.0750000000E+00
3.0800000000E+00
3.0850000000E+00
3.0900000000E+00
3.0950000000E+00
3.1000000000E+00
3.1050000000E+00
3.1100000000E+00
3.1150000000E+00
3.1200000000E+00
3.1250000000E+00
3.1300000000E+00
3.1350000000E+00
3.1400000000E+00
3.1450000000E+00
3.1500000000E+00
3.1550000000E+00
3.1600000000E+00
3.1650000000E+00
3.1700000000E+00
3.1750000000E+00
3.1800000000E+00
3.1850000000E+00
3.1900000000E+00
3.1950000000E+00
3.2000000000E+00
3.2050000000E+00
3.2100000000E+00
3.2150000000E+00
3.2200000000E+00
3.2250000000E+00
3.2300000000E+00
3.2350000000E+00
3.2400000000E+00
3.2450000000E+00
3.2500000000E+00


y-direction
0.0000000000E+00
5.0000000000E-03
1.0000000000E-02
1.5000000000E-02
2.0000000000E-02
2.5000000000E-02
3.0000000000E-02
3.5000000000E-02
4.0000000000E-02
4.5000000000E-02
5.0000000000E-02
5.5000000000E-02
6.0000000000E-02
6.5000000000E-02
7.0000000000E-02
7.5000000000E-02
8.0000000000E-02
8.5000000000E-02
9.0000000000E-02
9.5000000000E-02
1.0000000000E-01
1.0500000000E-01
1.1000000000E-01
1.1500000000E-01
1.2000000000E-01
1.2500000000E-01
1.3000000000E-01
1.3500000000E-01
1.4000000000E-01
1.4500000000E-01
1.5000000000E-01
1.5500000000E-01
1.6000000000E-01
1.6500000000E-01
1.7000000000E-01
1.7500000000E-01
1.8000000000E-01
1.8500000000E-01
1.9000000000E-01
1.9500000000E-01
2.0000000000E-01
2.0500000000E-01
2.1000000000E-01
2.1500000000E-01
2.2000000000E-01
2.2500000000E-01
2.3000000000E-01
2.3500000000E-01
2.4000000000E-01
2.4500000000E-01
2.5000000000E-01
2.5500000000E-01
2.6000000000E-01
2.6500000000E-01
2.7000000000E-01
2.7500000000E-01
2.8000000000E-01
2.8500000000E-01
2.9000000000E-01
2.9500000000E-01
3.0000000000E-01
3.0500000000E-01
3.1000000000E-01
3.1500000000E-01
3.2000000000E-01
3.2500000000E-01
3.3000000000E-01
3.3500000000E-01
3.4000000000E-01
3.4500000000E-01
3.5000000000E-01
3.5500000000E-01
3.6000000000E-01
3.6500000000E-01
3.7000000000E-01
3.7500000000E-01
3.8000000000E-01
3.8500000000E-01
3.9000000000E-01
3.9500000000E-01
4.0000000000E-01
4.0500000000E-01
4.1000000000E-01
4.1500000000E-01
4.2000000000E-01
4.2500000000E-01
4.3000000000E-01
4.3500000000E-01
4.4000000000E-01
4.4500000000E-01
4.5000000000E-01
4.5500000000E-01
4.6000000000E-01
4.6500000000E-01
4.7000000000E-01
4.7500000000E-01
4.8000000000E-01
4.8500000000E-01
4.9000000000E-01
4.9500000000E-01
5.0000000000E-01
5.0500000000E-01
5.1000000000E-01
5.1500000000E-01
5.2000000000E-01
5.2500000000E-01
5.3000000000E-01
5.3500000000E-01
5.4000000000E-01
5.4500000000E-01
5.5000000000E-01
5.5500000000E-01
5.6000000000E-01
5.6500000000E-01
5.7000000000E-01
5.7500000000E-01
5.8000000000E-01
5.8500000000E-01
5.9000000000E-01
5.9500000000E-01
6.0000000000E-01
6.0500000000E-01
6.1000000000E-01
6.1500000000E-01
6.2000000000E-01
6.2500000000E-01
6.3000000000E-01
6.3500000000E-01
6.4000000000E-01
6.4500000000E-01
6.5000000000E-01
6.5500000000E-01
6.6000000000E-01
6.6500000000E-01
6.7000000000E-01
6.7500000000E-01
6.8000000000E-01
6.8500000000E-01
6.9000000000E-01
6.9500000000E-01
7.0000000000E-01
7.0500000000E-01
7.1000000000E-01
7.1500000000E-01
7.2000000000E-01
7.2500000000E-01
7.3000000000E-01
7.3500000000E-01
7.4000000000E-01
7.4500000000E-01
7.5000000000E-01
7.5500000000E-01
7.6000000000E-01
7.6500000000E-01
7.7000000000E-01
7.7500000000E-01
7.8000000000E-01
7.8500000000E-01
7.9000000000E-01
7.9500000000E-01
8.0000000000E-01
8.0500000000E-01
8.1000000000E-01
8.1500000000E-01
8.2000000000E-01
8.2500000000E-01
8.3000000000E-01
8.3500000000E-01
8.4000000000E-01
8.4500000000E-01
8.5000000000E-01
8.5500000000E-01
8.6000000000E-01
8.6500000000E-01
8.7000000000E-01
8.7500000000E-01
8.8000000000E-01
8.8500000000E-01
8.9000000000E-01
8.9500000000E-01
9.0000000000E-01
9.0500000000E-01
9.1000000000E-01
9.1500000000E-01
9.2000000000E-01
9.2500000000E-01
9.3000000000E-01
9.3500000000E-01
9.4000000000E-01
9.4500000000E-01
9.5000000000E-01
9.5500000000E-01
9.6000000000E-01
9.6500000000E-01
9.7000000000E-01
9.7500000000E-01
9.8000000000E-01
9.8500000000E-01
9.9000000000E-01
9.9500000000E-01
1.0000000000E+00



z-direction
0.00000000

END
