4                    number of processus in x-direction (0 if automatic) 
4                    number of processus in y-direction (0 if automatic)
1                    number of processus in z-direction (0 if automatic)

inflowbogey          -x boundary |choose: inner; extrapolation; noreflection; periodic;
extrapolation        +x boundary |        symmetryplane; adiabaticwall; shock; postshock_slipwall;
extrapolation        -y boundary |        inflowcheng; inflowmiller; inflowmixchengmiller;
extrapolation        +y boundary |        inflowbogey; inflowjet; supersonicflow; wallinjection;
extrapolation        -z boundary |        premixfix; nscbc_out; syntheticturb
extrapolation        +z boundary |


                           x-direction
0.0000000000E+00
1.0000000000E-03
2.0000000000E-03
3.0000000000E-03
4.0000000000E-03
5.0000000000E-03
6.0000000000E-03
7.0000000000E-03
8.0000000000E-03
9.0000000000E-03
1.0000000000E-02
1.1000000000E-02
1.2000000000E-02
1.3000000000E-02
1.4000000000E-02
1.5000000000E-02
1.6000000000E-02
1.7000000000E-02
1.8000000000E-02
1.9000000000E-02
2.0000000000E-02
2.1000000000E-02
2.2000000000E-02
2.3000000000E-02
2.4000000000E-02
2.5000000000E-02
2.6000000000E-02
2.7000000000E-02
2.8000000000E-02
2.9000000000E-02
3.0000000000E-02
3.1000000000E-02
3.2000000000E-02
3.3000000000E-02
3.4000000000E-02
3.5000000000E-02
3.6000000000E-02
3.7000000000E-02
3.8000000000E-02
3.9000000000E-02
4.0000000000E-02
4.1000000000E-02
4.2000000000E-02
4.3000000000E-02
4.4000000000E-02
4.5000000000E-02
4.6000000000E-02
4.7000000000E-02
4.8000000000E-02
4.9000000000E-02
5.0000000000E-02
5.1000000000E-02
5.2000000000E-02
5.3000000000E-02
5.4000000000E-02
5.5000000000E-02
5.6000000000E-02
5.7000000000E-02
5.8000000000E-02
5.9000000000E-02
6.0000000000E-02
6.1000000000E-02
6.2000000000E-02
6.3000000000E-02
6.4000000000E-02
6.5000000000E-02
6.6000000000E-02
6.7000000000E-02
6.8000000000E-02
6.9000000000E-02
7.0000000000E-02
7.1000000000E-02
7.2000000000E-02
7.3000000000E-02
7.4000000000E-02
7.5000000000E-02
7.6000000000E-02
7.7000000000E-02
7.8000000000E-02
7.9000000000E-02
8.0000000000E-02
8.1000000000E-02
8.2000000000E-02
8.3000000000E-02
8.4000000000E-02
8.5000000000E-02
8.6000000000E-02
8.7000000000E-02
8.8000000000E-02
8.9000000000E-02
9.0000000000E-02
9.1000000000E-02
9.2000000000E-02
9.3000000000E-02
9.4000000000E-02
9.5000000000E-02
9.6000000000E-02
9.7000000000E-02
9.8000000000E-02
9.9000000000E-02
1.0000000000E-01
1.0100000000E-01
1.0200000000E-01
1.0300000000E-01
1.0400000000E-01
1.0500000000E-01
1.0600000000E-01
1.0700000000E-01
1.0800000000E-01
1.0900000000E-01
1.1000000000E-01
1.1100000000E-01
1.1200000000E-01
1.1300000000E-01
1.1400000000E-01
1.1500000000E-01
1.1600000000E-01
1.1700000000E-01
1.1800000000E-01
1.1900000000E-01
1.2000000000E-01
1.2100000000E-01
1.2200000000E-01
1.2300000000E-01
1.2400000000E-01
1.2500000000E-01
1.2600000000E-01
1.2700000000E-01
1.2800000000E-01
1.2900000000E-01
1.3000000000E-01
1.3100000000E-01
1.3200000000E-01
1.3300000000E-01
1.3400000000E-01
1.3500000000E-01
1.3600000000E-01
1.3700000000E-01
1.3800000000E-01
1.3900000000E-01
1.4000000000E-01
1.4100000000E-01
1.4200000000E-01
1.4300000000E-01
1.4400000000E-01
1.4500000000E-01
1.4600000000E-01
1.4700000000E-01
1.4800000000E-01
1.4900000000E-01
1.5000000000E-01
1.5100000000E-01
1.5200000000E-01
1.5300000000E-01
1.5400000000E-01
1.5500000000E-01
1.5600000000E-01
1.5700000000E-01
1.5800000000E-01
1.5900000000E-01
1.6000000000E-01
1.6100000000E-01
1.6200000000E-01
1.6300000000E-01
1.6400000000E-01
1.6500000000E-01
1.6600000000E-01
1.6700000000E-01
1.6800000000E-01
1.6900000000E-01
1.7000000000E-01
1.7100000000E-01
1.7200000000E-01
1.7300000000E-01
1.7400000000E-01
1.7500000000E-01
1.7600000000E-01
1.7700000000E-01
1.7800000000E-01
1.7900000000E-01
1.8000000000E-01
1.8100000000E-01
1.8200000000E-01
1.8300000000E-01
1.8400000000E-01
1.8500000000E-01
1.8600000000E-01
1.8700000000E-01
1.8800000000E-01
1.8900000000E-01
1.9000000000E-01
1.9100000000E-01
1.9200000000E-01
1.9300000000E-01
1.9400000000E-01
1.9500000000E-01
1.9600000000E-01
1.9700000000E-01
1.9800000000E-01
1.9900000000E-01
2.0000000000E-01
2.0100000000E-01
2.0200000000E-01
2.0300000000E-01
2.0400000000E-01
2.0500000000E-01
2.0600000000E-01
2.0700000000E-01
2.0800000000E-01
2.0900000000E-01
2.1000000000E-01
2.1100000000E-01
2.1200000000E-01
2.1300000000E-01
2.1400000000E-01
2.1500000000E-01
2.1600000000E-01
2.1700000000E-01
2.1800000000E-01
2.1900000000E-01
2.2000000000E-01
2.2100000000E-01
2.2200000000E-01
2.2300000000E-01
2.2400000000E-01
2.2500000000E-01
2.2600000000E-01
2.2700000000E-01
2.2800000000E-01
2.2900000000E-01
2.3000000000E-01
2.3100000000E-01
2.3200000000E-01
2.3300000000E-01
2.3400000000E-01
2.3500000000E-01
2.3600000000E-01
2.3700000000E-01
2.3800000000E-01
2.3900000000E-01
2.4000000000E-01
2.4100000000E-01
2.4200000000E-01
2.4300000000E-01
2.4400000000E-01
2.4500000000E-01
2.4600000000E-01
2.4700000000E-01
2.4800000000E-01
2.4900000000E-01
2.5000000000E-01
2.5100000000E-01
2.5200000000E-01
2.5300000000E-01
2.5400000000E-01
2.5500000000E-01
2.5600000000E-01
2.5700000000E-01
2.5800000000E-01
2.5900000000E-01
2.6000000000E-01
2.6100000000E-01
2.6200000000E-01
2.6300000000E-01
2.6400000000E-01
2.6500000000E-01
2.6600000000E-01
2.6700000000E-01
2.6800000000E-01
2.6900000000E-01
2.7000000000E-01
2.7100000000E-01
2.7200000000E-01
2.7300000000E-01
2.7400000000E-01
2.7500000000E-01
2.7600000000E-01
2.7700000000E-01
2.7800000000E-01
2.7900000000E-01
2.8000000000E-01
2.8100000000E-01
2.8200000000E-01
2.8300000000E-01
2.8400000000E-01
2.8500000000E-01
2.8600000000E-01
2.8700000000E-01
2.8800000000E-01
2.8900000000E-01
2.9000000000E-01
2.9100000000E-01
2.9200000000E-01
2.9300000000E-01
2.9400000000E-01
2.9500000000E-01
2.9600000000E-01
2.9700000000E-01
2.9800000000E-01
2.9900000000E-01
3.0000000000E-01
3.0100000000E-01
3.0200000000E-01
3.0300000000E-01
3.0400000000E-01
3.0500000000E-01
3.0600000000E-01
3.0700000000E-01
3.0800000000E-01
3.0900000000E-01
3.1000000000E-01
3.1100000000E-01
3.1200000000E-01
3.1300000000E-01
3.1400000000E-01
3.1500000000E-01
3.1600000000E-01
3.1700000000E-01
3.1800000000E-01
3.1900000000E-01
3.2000000000E-01
3.2100000000E-01
3.2200000000E-01
3.2300000000E-01
3.2400000000E-01
3.2500000000E-01
3.2600000000E-01
3.2700000000E-01
3.2800000000E-01
3.2900000000E-01
3.3000000000E-01
3.3100000000E-01
3.3200000000E-01
3.3300000000E-01
3.3400000000E-01
3.3500000000E-01
3.3600000000E-01
3.3700000000E-01
3.3800000000E-01
3.3900000000E-01
3.4000000000E-01
3.4100000000E-01
3.4200000000E-01
3.4300000000E-01
3.4400000000E-01
3.4500000000E-01
3.4600000000E-01
3.4700000000E-01
3.4800000000E-01
3.4900000000E-01
3.5000000000E-01
3.5100000000E-01
3.5200000000E-01
3.5300000000E-01
3.5400000000E-01
3.5500000000E-01
3.5600000000E-01
3.5700000000E-01
3.5800000000E-01
3.5900000000E-01
3.6000000000E-01
3.6100000000E-01
3.6200000000E-01
3.6300000000E-01
3.6400000000E-01
3.6500000000E-01
3.6600000000E-01
3.6700000000E-01
3.6800000000E-01
3.6900000000E-01
3.7000000000E-01
3.7100000000E-01
3.7200000000E-01
3.7300000000E-01
3.7400000000E-01
3.7500000000E-01
3.7600000000E-01
3.7700000000E-01
3.7800000000E-01
3.7900000000E-01
3.8000000000E-01
3.8100000000E-01
3.8200000000E-01
3.8300000000E-01
3.8400000000E-01
3.8500000000E-01
3.8600000000E-01
3.8700000000E-01
3.8800000000E-01
3.8900000000E-01
3.9000000000E-01
3.9100000000E-01
3.9200000000E-01
3.9300000000E-01
3.9400000000E-01
3.9500000000E-01
3.9600000000E-01
3.9700000000E-01
3.9800000000E-01
3.9900000000E-01
4.0000000000E-01
4.0100000000E-01
4.0200000000E-01
4.0300000000E-01
4.0400000000E-01
4.0500000000E-01
4.0600000000E-01
4.0700000000E-01
4.0800000000E-01
4.0900000000E-01
4.1000000000E-01
4.1100000000E-01
4.1200000000E-01
4.1300000000E-01
4.1400000000E-01
4.1500000000E-01
4.1600000000E-01
4.1700000000E-01
4.1800000000E-01
4.1900000000E-01
4.2000000000E-01
4.2100000000E-01
4.2200000000E-01
4.2300000000E-01
4.2400000000E-01
4.2500000000E-01
4.2600000000E-01
4.2700000000E-01
4.2800000000E-01
4.2900000000E-01
4.3000000000E-01
4.3100000000E-01
4.3200000000E-01
4.3300000000E-01
4.3400000000E-01
4.3500000000E-01
4.3600000000E-01
4.3700000000E-01
4.3800000000E-01
4.3900000000E-01
4.4000000000E-01
4.4100000000E-01
4.4200000000E-01
4.4300000000E-01
4.4400000000E-01
4.4500000000E-01
4.4600000000E-01
4.4700000000E-01
4.4800000000E-01
4.4900000000E-01
4.5000000000E-01
4.5100000000E-01
4.5200000000E-01
4.5300000000E-01
4.5400000000E-01
4.5500000000E-01
4.5600000000E-01
4.5700000000E-01
4.5800000000E-01
4.5900000000E-01
4.6000000000E-01
4.6100000000E-01
4.6200000000E-01
4.6300000000E-01
4.6400000000E-01
4.6500000000E-01
4.6600000000E-01
4.6700000000E-01
4.6800000000E-01
4.6900000000E-01
4.7000000000E-01
4.7100000000E-01
4.7200000000E-01
4.7300000000E-01
4.7400000000E-01
4.7500000000E-01
4.7600000000E-01
4.7700000000E-01
4.7800000000E-01
4.7900000000E-01
4.8000000000E-01
4.8100000000E-01
4.8200000000E-01
4.8300000000E-01
4.8400000000E-01
4.8500000000E-01
4.8600000000E-01
4.8700000000E-01
4.8800000000E-01
4.8900000000E-01
4.9000000000E-01
4.9100000000E-01
4.9200000000E-01
4.9300000000E-01
4.9400000000E-01
4.9500000000E-01
4.9600000000E-01
4.9700000000E-01
4.9800000000E-01
4.9900000000E-01
5.0000000000E-01
5.0100650000E-01
5.0201954225E-01
5.0303916927E-01
5.0406542387E-01
5.0509834913E-01
5.0613798840E-01
5.0718438532E-01
5.0823758383E-01
5.0929762812E-01
5.1036456271E-01
5.1143843236E-01
5.1251928217E-01
5.1360715751E-01
5.1470210403E-01
5.1580416771E-01
5.1691339480E-01
5.1802983186E-01
5.1915352577E-01
5.2028452369E-01
5.2142287309E-01
5.2256862177E-01
5.2372181781E-01
5.2488250963E-01
5.2605074594E-01
5.2722657579E-01
5.2841004853E-01
5.2960121384E-01
5.3080012173E-01
5.3200682253E-01
5.3322136687E-01
5.3444380576E-01
5.3567419049E-01
5.3691257273E-01
5.3815900446E-01
5.3941353798E-01
5.4067622598E-01
5.4194712145E-01
5.4322627774E-01
5.4451374855E-01
5.4580958791E-01
5.4711385023E-01
5.4842659026E-01
5.4974786310E-01
5.5107772421E-01
5.5241622941E-01
5.5376343490E-01
5.5511939723E-01
5.5648417331E-01
5.5785782044E-01
5.5924039627E-01
5.6063195885E-01
5.6203256658E-01
5.6344227826E-01
5.6486115307E-01
5.6628925057E-01
5.6772663070E-01
5.6917335380E-01
5.7062948059E-01
5.7209507222E-01
5.7357019019E-01
5.7505489642E-01
5.7654925325E-01
5.7805332340E-01
5.7956717000E-01
5.8109085660E-01
5.8262444717E-01
5.8416800608E-01
5.8572159812E-01
5.8728528851E-01
5.8885914288E-01
5.9044322731E-01
5.9203760829E-01
5.9364235274E-01
5.9525752803E-01
5.9688320197E-01
5.9851944278E-01
6.0016631916E-01
6.0182390023E-01
6.0349225558E-01
6.0517145524E-01
6.0686156970E-01
6.0856266991E-01
6.1027482726E-01
6.1199811364E-01
6.1373260138E-01
6.1547836329E-01
6.1723547265E-01
6.1900400322E-01
6.2078402924E-01
6.2257562543E-01
6.2437886700E-01
6.2619382963E-01
6.2802058952E-01
6.2985922336E-01
6.3170980831E-01
6.3357242206E-01
6.3544714281E-01
6.3733404923E-01
6.3923322055E-01
6.4114473649E-01
6.4306867727E-01
6.4500512368E-01
6.4695415698E-01
6.4891585900E-01
6.5089031208E-01
6.5287759911E-01
6.5487780351E-01
6.5689100923E-01
6.5891730079E-01
6.6095676324E-01
6.6300948221E-01
6.6507554384E-01
6.6715503488E-01
6.6924804260E-01
6.7135465488E-01
6.7347496014E-01
6.7560904738E-01
6.7775700618E-01
6.7991892672E-01
6.8209489975E-01
6.8428501660E-01
6.8648936920E-01
6.8870805010E-01
6.9094115243E-01
6.9318876992E-01
6.9545099693E-01
6.9772792841E-01
7.0001965994E-01
7.0232628773E-01
7.0464790860E-01
7.0698462001E-01
7.0933652004E-01
7.1170370742E-01
7.1408628151E-01
7.1648434234E-01
7.1889799057E-01
7.2132732751E-01
7.2377245514E-01
7.2623347610E-01
7.2871049369E-01
7.3120361190E-01
7.3371293538E-01
7.3623856946E-01
7.3878062016E-01
7.4133919419E-01
7.4391439895E-01
7.4650634254E-01
7.4911513377E-01
7.5174088214E-01
7.5438369787E-01
7.5704369191E-01
7.5972097591E-01
7.6241566225E-01
7.6512786406E-01
7.6785769517E-01
7.7060527019E-01
7.7337070445E-01
7.7615411403E-01
7.7895561577E-01
7.8177532727E-01
7.8461336690E-01
7.8746985378E-01
7.9034490783E-01
7.9323864973E-01
7.9615120096E-01
7.9908268376E-01
8.0203322121E-01
8.0500293714E-01
8.0799195624E-01


                           y-direction
-0.150672515210
-0.149611955433
-0.148556672073
-0.147506638878
-0.146461829730
-0.145422218637
-0.144387779738
-0.143358487301
-0.142334315723
-0.141315239525
-0.140301233358
-0.139292271998
-0.138288330347
-0.137289383430
-0.136295406398
-0.135306374525
-0.134322263209
-0.133343047969
-0.132368704447
-0.131399208405
-0.130434535726
-0.129474662414
-0.128519564591
-0.127569218499
-0.126623600496
-0.125682687061
-0.124746454787
-0.123814880385
-0.122887940682
-0.121965612618
-0.121047873252
-0.120134699753
-0.119226069406
-0.118321959608
-0.117422347869
-0.116527211810
-0.115636529164
-0.114750277775
-0.113868435597
-0.112990980694
-0.112117891238
-0.111249145510
-0.110384721901
-0.109524598906
-0.108668755130
-0.107817169284
-0.106969820183
-0.106126686749
-0.105287748009
-0.104452983094
-0.103622371238
-0.102795891779
-0.101973524158
-0.101155247918
-0.100341042705
-0.099530888264
-0.098724764441
-0.097922651185
-0.097124528543
-0.096330376659
-0.095540175780
-0.094753906249
-0.093971548507
-0.093193083091
-0.092418490638
-0.091647751879
-0.090880847640
-0.090117758846
-0.089358466514
-0.088602951755
-0.087851195776
-0.087103179877
-0.086358885449
-0.085618293979
-0.084881387044
-0.084148146313
-0.083418553545
-0.082692590592
-0.081970239395
-0.081251481985
-0.080536300483
-0.079824677097
-0.079116594127
-0.078412033957
-0.077710979061
-0.077013412001
-0.076319315424
-0.075628672064
-0.074941464740
-0.074257676359
-0.073577289909
-0.072900288467
-0.072226655191
-0.071556373324
-0.070889426193
-0.070225797207
-0.069565469858
-0.068908427719
-0.068254654447
-0.067604133778
-0.066956849530
-0.066312785602
-0.065671925973
-0.065034254699
-0.064399755919
-0.063768413850
-0.063140212786
-0.062515137101
-0.061893171245
-0.061274299746
-0.060658507210
-0.060045778318
-0.059436097829
-0.058829450576
-0.058225821469
-0.057625195491
-0.057027557703
-0.056432893237
-0.055841187300
-0.055252425174
-0.054666592213
-0.054083673844
-0.053503655566
-0.052926522951
-0.052352261643
-0.051780857356
-0.051212295877
-0.050646563062
-0.050083644838
-0.049523527202
-0.048966196220
-0.048411638030
-0.047859838836
-0.047310784912
-0.046764462599
-0.046220858307
-0.045679958514
-0.045141749766
-0.044606218672
-0.044073351913
-0.043543136232
-0.043015558439
-0.042490605412
-0.041968264092
-0.041448521484
-0.040931364661
-0.040416780757
-0.039904756972
-0.039395280570
-0.038888338875
-0.038383919279
-0.037882009233
-0.037382596251
-0.036885667912
-0.036391211853
-0.035899215774
-0.035409667437
-0.034922554663
-0.034437865337
-0.033955587400
-0.033475708855
-0.032998217766
-0.032523102255
-0.032050350503
-0.031579950749
-0.031111891292
-0.030646160490
-0.030182746756
-0.029721638563
-0.029262824441
-0.028806292976
-0.028352032812
-0.027900032649
-0.027450281243
-0.027002767406
-0.026557480006
-0.026114407966
-0.025673540265
-0.025234865935
-0.024798374065
-0.024364053796
-0.023931894324
-0.023501884899
-0.023074014825
-0.022648273458
-0.022224650207
-0.021803134534
-0.021383715955
-0.020966384034
-0.020551128392
-0.020137938699
-0.019726804676
-0.019317716095
-0.018910662781
-0.018505634608
-0.018102621501
-0.017701613433
-0.017302600431
-0.016905572568
-0.016510519969
-0.016117432805
-0.015726301298
-0.015337115720
-0.014949866388
-0.014564543669
-0.014181137979
-0.013799639780
-0.013420039583
-0.013042327943
-0.012666495465
-0.012292532801
-0.011920430648
-0.011550179749
-0.011181770895
-0.010815194920
-0.010450442707
-0.010087505181
-0.009726373314
-0.009367038124
-0.009009490670
-0.008653722060
-0.008299723443
-0.007947486013
-0.007597001008
-0.007248259709
-0.006901253442
-0.006555973574
-0.006212411517
-0.005870558723
-0.005530406690
-0.005191946955
-0.004855171099
-0.004520070746
-0.004186637558
-0.003854863242
-0.003524739544
-0.003196258253
-0.002869411197
-0.002544190245
-0.002220587309
-0.001898594337
-0.001578203321
-0.001259406289
-0.000942195313
-0.000626562500
-0.000312500000
0.000000000000
0.000312500000
0.000626562500
0.000942195313
0.001259406289
0.001578203321
0.001898594337
0.002220587309
0.002544190245
0.002869411197
0.003196258253
0.003524739544
0.003854863242
0.004186637558
0.004520070746
0.004855171099
0.005191946955
0.005530406690
0.005870558723
0.006212411517
0.006555973574
0.006901253442
0.007248259709
0.007597001008
0.007947486013
0.008299723443
0.008653722060
0.009009490670
0.009367038124
0.009726373314
0.010087505181
0.010450442707
0.010815194920
0.011181770895
0.011550179749
0.011920430648
0.012292532801
0.012666495465
0.013042327943
0.013420039583
0.013799639780
0.014181137979
0.014564543669
0.014949866388
0.015337115720
0.015726301298
0.016117432805
0.016510519969
0.016905572568
0.017302600431
0.017701613433
0.018102621501
0.018505634608
0.018910662781
0.019317716095
0.019726804676
0.020137938699
0.020551128392
0.020966384034
0.021383715955
0.021803134534
0.022224650207
0.022648273458
0.023074014825
0.023501884899
0.023931894324
0.024364053796
0.024798374065
0.025234865935
0.025673540265
0.026114407966
0.026557480006
0.027002767406
0.027450281243
0.027900032649
0.028352032812
0.028806292976
0.029262824441
0.029721638563
0.030182746756
0.030646160490
0.031111891292
0.031579950749
0.032050350503
0.032523102255
0.032998217766
0.033475708855
0.033955587400
0.034437865337
0.034922554663
0.035409667437
0.035899215774
0.036391211853
0.036885667912
0.037382596251
0.037882009233
0.038383919279
0.038888338875
0.039395280570
0.039904756972
0.040416780757
0.040931364661
0.041448521484
0.041968264092
0.042490605412
0.043015558439
0.043543136232
0.044073351913
0.044606218672
0.045141749766
0.045679958514
0.046220858307
0.046764462599
0.047310784912
0.047859838836
0.048411638030
0.048966196220
0.049523527202
0.050083644838
0.050646563062
0.051212295877
0.051780857356
0.052352261643
0.052926522951
0.053503655566
0.054083673844
0.054666592213
0.055252425174
0.055841187300
0.056432893237
0.057027557703
0.057625195491
0.058225821469
0.058829450576
0.059436097829
0.060045778318
0.060658507210
0.061274299746
0.061893171245
0.062515137101
0.063140212786
0.063768413850
0.064399755919
0.065034254699
0.065671925973
0.066312785602
0.066956849530
0.067604133778
0.068254654447
0.068908427719
0.069565469858
0.070225797207
0.070889426193
0.071556373324
0.072226655191
0.072900288467
0.073577289909
0.074257676359
0.074941464740
0.075628672064
0.076319315424
0.077013412001
0.077710979061
0.078412033957
0.079116594127
0.079824677097
0.080536300483
0.081251481985
0.081970239395
0.082692590592
0.083418553545
0.084148146313
0.084881387044
0.085618293979
0.086358885449
0.087103179877
0.087851195776
0.088602951755
0.089358466514
0.090117758846
0.090880847640
0.091647751879
0.092418490638
0.093193083091
0.093971548507
0.094753906249
0.095540175780
0.096330376659
0.097124528543
0.097922651185
0.098724764441
0.099530888264
0.100341042705
0.101155247918
0.101973524158
0.102795891779
0.103622371238
0.104452983094
0.105287748009
0.106126686749
0.106969820183
0.107817169284
0.108668755130
0.109524598906
0.110384721901
0.111249145510
0.112117891238
0.112990980694
0.113868435597
0.114750277775
0.115636529164
0.116527211810
0.117422347869
0.118321959608
0.119226069406
0.120134699753
0.121047873252
0.121965612618
0.122887940682
0.123814880385
0.124746454787
0.125682687061
0.126623600496
0.127569218499
0.128519564591
0.129474662414
0.130434535726
0.131399208405
0.132368704447
0.133343047969
0.134322263209
0.135306374525
0.136295406398
0.137289383430
0.138288330347
0.139292271998
0.140301233358
0.141315239525
0.142334315723
0.143358487301
0.144387779738
0.145422218637
0.146461829730
0.147506638878
0.148556672073
0.149611955433
0.150672515210


                           z-direction
0.00000000E-00


END
