4                ! Number of processus in x-direction (0 if automatic)
1                ! Number of processus in y-direction (0 if automatic)
1                ! Number of processus in z-direction (0 if automatic)

shock            -x boundary |choose: inner; extrapolation; noreflection; periodic;
extrapolation    +x boundary |        symmetryplane; adiabaticwall; shock; postshock_slipwall;
slipwall         -y boundary |        inflowcheng; inflowmiller; inflowmixchengmiller;
shock            +y boundary |        inflowbogey; inflowjet; supersonicflow; wallinjection;
periodic         -z boundary |        premixfix; nscbc_out; syntheticturb
periodic         +z boundary |


x-direction
0.00000000E+00
1.25000000E-02
2.50000000E-02
3.75000000E-02
5.00000000E-02
6.25000000E-02
7.50000000E-02
8.75000000E-02
1.00000000E-01
1.12500000E-01
1.25000000E-01
1.37500000E-01
1.50000000E-01
1.62500000E-01
1.75000000E-01
1.87500000E-01
2.00000000E-01
2.12500000E-01
2.25000000E-01
2.37500000E-01
2.50000000E-01
2.62500000E-01
2.75000000E-01
2.87500000E-01
3.00000000E-01
3.12500000E-01
3.25000000E-01
3.37500000E-01
3.50000000E-01
3.62500000E-01
3.75000000E-01
3.87500000E-01
4.00000000E-01
4.12500000E-01
4.25000000E-01
4.37500000E-01
4.50000000E-01
4.62500000E-01
4.75000000E-01
4.87500000E-01
5.00000000E-01
5.12500000E-01
5.25000000E-01
5.37500000E-01
5.50000000E-01
5.62500000E-01
5.75000000E-01
5.87500000E-01
6.00000000E-01
6.12500000E-01
6.25000000E-01
6.37500000E-01
6.50000000E-01
6.62500000E-01
6.75000000E-01
6.87500000E-01
7.00000000E-01
7.12500000E-01
7.25000000E-01
7.37500000E-01
7.50000000E-01
7.62500000E-01
7.75000000E-01
7.87500000E-01
8.00000000E-01
8.12500000E-01
8.25000000E-01
8.37500000E-01
8.50000000E-01
8.62500000E-01
8.75000000E-01
8.87500000E-01
9.00000000E-01
9.12500000E-01
9.25000000E-01
9.37500000E-01
9.50000000E-01
9.62500000E-01
9.75000000E-01
9.87500000E-01
1.00000000E+00
1.01250000E+00
1.02500000E+00
1.03750000E+00
1.05000000E+00
1.06250000E+00
1.07500000E+00
1.08750000E+00
1.10000000E+00
1.11250000E+00
1.12500000E+00
1.13750000E+00
1.15000000E+00
1.16250000E+00
1.17500000E+00
1.18750000E+00
1.20000000E+00
1.21250000E+00
1.22500000E+00
1.23750000E+00
1.25000000E+00
1.26250000E+00
1.27500000E+00
1.28750000E+00
1.30000000E+00
1.31250000E+00
1.32500000E+00
1.33750000E+00
1.35000000E+00
1.36250000E+00
1.37500000E+00
1.38750000E+00
1.40000000E+00
1.41250000E+00
1.42500000E+00
1.43750000E+00
1.45000000E+00
1.46250000E+00
1.47500000E+00
1.48750000E+00
1.50000000E+00
1.51250000E+00
1.52500000E+00
1.53750000E+00
1.55000000E+00
1.56250000E+00
1.57500000E+00
1.58750000E+00
1.60000000E+00
1.61250000E+00
1.62500000E+00
1.63750000E+00
1.65000000E+00
1.66250000E+00
1.67500000E+00
1.68750000E+00
1.70000000E+00
1.71250000E+00
1.72500000E+00
1.73750000E+00
1.75000000E+00
1.76250000E+00
1.77500000E+00
1.78750000E+00
1.80000000E+00
1.81250000E+00
1.82500000E+00
1.83750000E+00
1.85000000E+00
1.86250000E+00
1.87500000E+00
1.88750000E+00
1.90000000E+00
1.91250000E+00
1.92500000E+00
1.93750000E+00
1.95000000E+00
1.96250000E+00
1.97500000E+00
1.98750000E+00
2.00000000E+00
2.01250000E+00
2.02500000E+00
2.03750000E+00
2.05000000E+00
2.06250000E+00
2.07500000E+00
2.08750000E+00
2.10000000E+00
2.11250000E+00
2.12500000E+00
2.13750000E+00
2.15000000E+00
2.16250000E+00
2.17500000E+00
2.18750000E+00
2.20000000E+00
2.21250000E+00
2.22500000E+00
2.23750000E+00
2.25000000E+00
2.26250000E+00
2.27500000E+00
2.28750000E+00
2.30000000E+00
2.31250000E+00
2.32500000E+00
2.33750000E+00
2.35000000E+00
2.36250000E+00
2.37500000E+00
2.38750000E+00
2.40000000E+00
2.41250000E+00
2.42500000E+00
2.43750000E+00
2.45000000E+00
2.46250000E+00
2.47500000E+00
2.48750000E+00
2.50000000E+00
2.51250000E+00
2.52500000E+00
2.53750000E+00
2.55000000E+00
2.56250000E+00
2.57500000E+00
2.58750000E+00
2.60000000E+00
2.61250000E+00
2.62500000E+00
2.63750000E+00
2.65000000E+00
2.66250000E+00
2.67500000E+00
2.68750000E+00
2.70000000E+00
2.71250000E+00
2.72500000E+00
2.73750000E+00
2.75000000E+00
2.76250000E+00
2.77500000E+00
2.78750000E+00
2.80000000E+00
2.81250000E+00
2.82500000E+00
2.83750000E+00
2.85000000E+00
2.86250000E+00
2.87500000E+00
2.88750000E+00
2.90000000E+00
2.91250000E+00
2.92500000E+00
2.93750000E+00
2.95000000E+00
2.96250000E+00
2.97500000E+00
2.98750000E+00
3.00000000E+00
3.01250000E+00
3.02500000E+00
3.03750000E+00
3.05000000E+00
3.06250000E+00
3.07500000E+00
3.08750000E+00
3.10000000E+00
3.11250000E+00
3.12500000E+00
3.13750000E+00
3.15000000E+00
3.16250000E+00
3.17500000E+00
3.18750000E+00
3.20000000E+00
3.21250000E+00
3.22500000E+00
3.23750000E+00
3.25000000E+00
3.26250000E+00
3.27500000E+00
3.28750000E+00
3.30000000E+00
3.31250000E+00
3.32500000E+00
3.33750000E+00
3.35000000E+00
3.36250000E+00
3.37500000E+00
3.38750000E+00
3.40000000E+00
3.41250000E+00
3.42500000E+00
3.43750000E+00
3.45000000E+00
3.46250000E+00
3.47500000E+00
3.48750000E+00
3.50000000E+00
3.51250000E+00
3.52500000E+00
3.53750000E+00
3.55000000E+00
3.56250000E+00
3.57500000E+00
3.58750000E+00
3.60000000E+00
3.61250000E+00
3.62500000E+00
3.63750000E+00
3.65000000E+00
3.66250000E+00
3.67500000E+00
3.68750000E+00
3.70000000E+00
3.71250000E+00
3.72500000E+00
3.73750000E+00
3.75000000E+00
3.76250000E+00
3.77500000E+00
3.78750000E+00
3.80000000E+00
3.81250000E+00
3.82500000E+00
3.83750000E+00
3.85000000E+00
3.86250000E+00
3.87500000E+00
3.88750000E+00
3.90000000E+00
3.91250000E+00
3.92500000E+00
3.93750000E+00
3.95000000E+00
3.96250000E+00
3.97500000E+00
3.98750000E+00
4.00000000E+00
4.01250000E+00
4.02500000E+00
4.03750000E+00
4.05000000E+00
4.06250000E+00
4.07500000E+00
4.08750000E+00
4.10000000E+00
4.11250000E+00
4.12500000E+00
4.13750000E+00
4.15000000E+00
4.16250000E+00
4.17500000E+00
4.18750000E+00
4.20000000E+00
4.21250000E+00
4.22500000E+00
4.23750000E+00
4.25000000E+00
4.26250000E+00
4.27500000E+00
4.28750000E+00
4.30000000E+00
4.31250000E+00
4.32500000E+00
4.33750000E+00
4.35000000E+00
4.36250000E+00
4.37500000E+00
4.38750000E+00
4.40000000E+00
4.41250000E+00
4.42500000E+00
4.43750000E+00
4.45000000E+00
4.46250000E+00
4.47500000E+00
4.48750000E+00
4.50000000E+00
4.51250000E+00
4.52500000E+00
4.53750000E+00
4.55000000E+00
4.56250000E+00
4.57500000E+00
4.58750000E+00
4.60000000E+00
4.61250000E+00
4.62500000E+00
4.63750000E+00
4.65000000E+00
4.66250000E+00
4.67500000E+00
4.68750000E+00
4.70000000E+00
4.71250000E+00
4.72500000E+00
4.73750000E+00
4.75000000E+00
4.76250000E+00
4.77500000E+00
4.78750000E+00
4.80000000E+00
4.81250000E+00
4.82500000E+00
4.83750000E+00
4.85000000E+00
4.86250000E+00
4.87500000E+00
4.88750000E+00
4.90000000E+00
4.91250000E+00
4.92500000E+00
4.93750000E+00
4.95000000E+00
4.96250000E+00
4.97500000E+00
4.98750000E+00
5.00000000E+00



y-direction
0.00000000E+00
1.25000000E-02
2.50000000E-02
3.75000000E-02
5.00000000E-02
6.25000000E-02
7.50000000E-02
8.75000000E-02
1.00000000E-01
1.12500000E-01
1.25000000E-01
1.37500000E-01
1.50000000E-01
1.62500000E-01
1.75000000E-01
1.87500000E-01
2.00000000E-01
2.12500000E-01
2.25000000E-01
2.37500000E-01
2.50000000E-01
2.62500000E-01
2.75000000E-01
2.87500000E-01
3.00000000E-01
3.12500000E-01
3.25000000E-01
3.37500000E-01
3.50000000E-01
3.62500000E-01
3.75000000E-01
3.87500000E-01
4.00000000E-01
4.12500000E-01
4.25000000E-01
4.37500000E-01
4.50000000E-01
4.62500000E-01
4.75000000E-01
4.87500000E-01
5.00000000E-01
5.12500000E-01
5.25000000E-01
5.37500000E-01
5.50000000E-01
5.62500000E-01
5.75000000E-01
5.87500000E-01
6.00000000E-01
6.12500000E-01
6.25000000E-01
6.37500000E-01
6.50000000E-01
6.62500000E-01
6.75000000E-01
6.87500000E-01
7.00000000E-01
7.12500000E-01
7.25000000E-01
7.37500000E-01
7.50000000E-01
7.62500000E-01
7.75000000E-01
7.87500000E-01
8.00000000E-01
8.12500000E-01
8.25000000E-01
8.37500000E-01
8.50000000E-01
8.62500000E-01
8.75000000E-01
8.87500000E-01
9.00000000E-01
9.12500000E-01
9.25000000E-01
9.37500000E-01
9.50000000E-01
9.62500000E-01
9.75000000E-01
9.87500000E-01
1.00000000E+00
1.01250000E+00
1.02500000E+00
1.03750000E+00
1.05000000E+00
1.06250000E+00
1.07500000E+00
1.08750000E+00
1.10000000E+00
1.11250000E+00
1.12500000E+00
1.13750000E+00
1.15000000E+00
1.16250000E+00
1.17500000E+00
1.18750000E+00
1.20000000E+00
1.21250000E+00
1.22500000E+00
1.23750000E+00
1.25000000E+00


z-direction
0.00000000

END
