4                ! Number of processus in x-direction (0 if automatic)
1                ! Number of processus in y-direction (0 if automatic)
1                ! Number of processus in z-direction (0 if automatic)

DMR              -x boundary |choose: inner; extrapolation; noreflection; periodic;
extrapolation    +x boundary |        symmetryplane; adiabaticwall; shock; postshock_slipwall;
DMR              -y boundary |        inflowcheng; inflowmiller; inflowmixchengmiller;
DMR              +y boundary |        inflowbogey; inflowjet; supersonicflow; wallinjection;
periodic         -z boundary |        premixfix; nscbc_out; syntheticturb
periodic         +z boundary |


x-direction
0.000000E+00
1.250000E-02
2.500000E-02
3.750000E-02
5.000000E-02
6.250000E-02
7.500000E-02
8.750000E-02
1.000000E-01
1.125000E-01
1.250000E-01
1.375000E-01
1.500000E-01
1.625000E-01
1.750000E-01
1.875000E-01
2.000000E-01
2.125000E-01
2.250000E-01
2.375000E-01
2.500000E-01
2.625000E-01
2.750000E-01
2.875000E-01
3.000000E-01
3.125000E-01
3.250000E-01
3.375000E-01
3.500000E-01
3.625000E-01
3.750000E-01
3.875000E-01
4.000000E-01
4.125000E-01
4.250000E-01
4.375000E-01
4.500000E-01
4.625000E-01
4.750000E-01
4.875000E-01
5.000000E-01
5.125000E-01
5.250000E-01
5.375000E-01
5.500000E-01
5.625000E-01
5.750000E-01
5.875000E-01
6.000000E-01
6.125000E-01
6.250000E-01
6.375000E-01
6.500000E-01
6.625000E-01
6.750000E-01
6.875000E-01
7.000000E-01
7.125000E-01
7.250000E-01
7.375000E-01
7.500000E-01
7.625000E-01
7.750000E-01
7.875000E-01
8.000000E-01
8.125000E-01
8.250000E-01
8.375000E-01
8.500000E-01
8.625000E-01
8.750000E-01
8.875000E-01
9.000000E-01
9.125000E-01
9.250000E-01
9.375000E-01
9.500000E-01
9.625000E-01
9.750000E-01
9.875000E-01
1.000000E+00
1.012500E+00
1.025000E+00
1.037500E+00
1.050000E+00
1.062500E+00
1.075000E+00
1.087500E+00
1.100000E+00
1.112500E+00
1.125000E+00
1.137500E+00
1.150000E+00
1.162500E+00
1.175000E+00
1.187500E+00
1.200000E+00
1.212500E+00
1.225000E+00
1.237500E+00
1.250000E+00
1.262500E+00
1.275000E+00
1.287500E+00
1.300000E+00
1.312500E+00
1.325000E+00
1.337500E+00
1.350000E+00
1.362500E+00
1.375000E+00
1.387500E+00
1.400000E+00
1.412500E+00
1.425000E+00
1.437500E+00
1.450000E+00
1.462500E+00
1.475000E+00
1.487500E+00
1.500000E+00
1.512500E+00
1.525000E+00
1.537500E+00
1.550000E+00
1.562500E+00
1.575000E+00
1.587500E+00
1.600000E+00
1.612500E+00
1.625000E+00
1.637500E+00
1.650000E+00
1.662500E+00
1.675000E+00
1.687500E+00
1.700000E+00
1.712500E+00
1.725000E+00
1.737500E+00
1.750000E+00
1.762500E+00
1.775000E+00
1.787500E+00
1.800000E+00
1.812500E+00
1.825000E+00
1.837500E+00
1.850000E+00
1.862500E+00
1.875000E+00
1.887500E+00
1.900000E+00
1.912500E+00
1.925000E+00
1.937500E+00
1.950000E+00
1.962500E+00
1.975000E+00
1.987500E+00
2.000000E+00
2.012500E+00
2.025000E+00
2.037500E+00
2.050000E+00
2.062500E+00
2.075000E+00
2.087500E+00
2.100000E+00
2.112500E+00
2.125000E+00
2.137500E+00
2.150000E+00
2.162500E+00
2.175000E+00
2.187500E+00
2.200000E+00
2.212500E+00
2.225000E+00
2.237500E+00
2.250000E+00
2.262500E+00
2.275000E+00
2.287500E+00
2.300000E+00
2.312500E+00
2.325000E+00
2.337500E+00
2.350000E+00
2.362500E+00
2.375000E+00
2.387500E+00
2.400000E+00
2.412500E+00
2.425000E+00
2.437500E+00
2.450000E+00
2.462500E+00
2.475000E+00
2.487500E+00
2.500000E+00
2.512500E+00
2.525000E+00
2.537500E+00
2.550000E+00
2.562500E+00
2.575000E+00
2.587500E+00
2.600000E+00
2.612500E+00
2.625000E+00
2.637500E+00
2.650000E+00
2.662500E+00
2.675000E+00
2.687500E+00
2.700000E+00
2.712500E+00
2.725000E+00
2.737500E+00
2.750000E+00
2.762500E+00
2.775000E+00
2.787500E+00
2.800000E+00
2.812500E+00
2.825000E+00
2.837500E+00
2.850000E+00
2.862500E+00
2.875000E+00
2.887500E+00
2.900000E+00
2.912500E+00
2.925000E+00
2.937500E+00
2.950000E+00
2.962500E+00
2.975000E+00
2.987500E+00
3.000000E+00
3.012500E+00
3.025000E+00
3.037500E+00
3.050000E+00
3.062500E+00
3.075000E+00
3.087500E+00
3.100000E+00
3.112500E+00
3.125000E+00
3.137500E+00
3.150000E+00
3.162500E+00
3.175000E+00
3.187500E+00
3.200000E+00
3.212500E+00
3.225000E+00
3.237500E+00
3.250000E+00


y-direction
0.000000E+00
1.250000E-02
2.500000E-02
3.750000E-02
5.000000E-02
6.250000E-02
7.500000E-02
8.750000E-02
1.000000E-01
1.125000E-01
1.250000E-01
1.375000E-01
1.500000E-01
1.625000E-01
1.750000E-01
1.875000E-01
2.000000E-01
2.125000E-01
2.250000E-01
2.375000E-01
2.500000E-01
2.625000E-01
2.750000E-01
2.875000E-01
3.000000E-01
3.125000E-01
3.250000E-01
3.375000E-01
3.500000E-01
3.625000E-01
3.750000E-01
3.875000E-01
4.000000E-01
4.125000E-01
4.250000E-01
4.375000E-01
4.500000E-01
4.625000E-01
4.750000E-01
4.875000E-01
5.000000E-01
5.125000E-01
5.250000E-01
5.375000E-01
5.500000E-01
5.625000E-01
5.750000E-01
5.875000E-01
6.000000E-01
6.125000E-01
6.250000E-01
6.375000E-01
6.500000E-01
6.625000E-01
6.750000E-01
6.875000E-01
7.000000E-01
7.125000E-01
7.250000E-01
7.375000E-01
7.500000E-01
7.625000E-01
7.750000E-01
7.875000E-01
8.000000E-01
8.125000E-01
8.250000E-01
8.375000E-01
8.500000E-01
8.625000E-01
8.750000E-01
8.875000E-01
9.000000E-01
9.125000E-01
9.250000E-01
9.375000E-01
9.500000E-01
9.625000E-01
9.750000E-01
9.875000E-01
1.000000E+00


z-direction
0.00000000

END
